t1_baseReward, t2_baseReward, ssd, changepoint, rewardDelta, muRewardDelta, sigma
-0.273822,0.273822,nan,0.000000,0.547644,0.408259,0.062901
-0.116296,0.116296,nan,0.000000,0.232591,0.408259,0.062901
-0.159955,0.159955,nan,0.000000,0.319910,0.408259,0.062901
-0.226761,0.226761,nan,0.000000,0.453522,0.408259,0.062901
-0.258463,0.258463,nan,0.000000,0.516926,0.408259,0.062901
-0.220309,0.220309,nan,0.000000,0.440618,0.408259,0.062901
-0.209239,0.209239,nan,0.000000,0.418478,0.408259,0.062901
-0.216059,0.216059,nan,0.000000,0.432117,0.408259,0.062901
-0.193483,0.193483,nan,0.000000,0.386966,0.408259,0.062901
-0.178544,0.178544,nan,0.000000,0.357088,0.408259,0.062901
-0.249513,0.249513,nan,0.000000,0.499027,0.408259,0.062901
-0.210168,0.210168,nan,0.000000,0.420336,0.408259,0.062901
-0.197397,0.197397,nan,0.000000,0.394793,0.408259,0.062901
-0.205898,0.205898,nan,0.000000,0.411795,0.408259,0.062901
-0.169812,0.169812,nan,0.000000,0.339623,0.408259,0.062901
-0.164763,0.164763,nan,0.000000,0.329525,0.408259,0.062901
-0.210831,0.210831,nan,0.000000,0.421663,0.408259,0.062901
-0.169165,0.169165,nan,0.000000,0.338330,0.408259,0.062901
-0.219283,0.219283,nan,0.000000,0.438566,0.408259,0.062901
-0.209778,0.209778,nan,0.000000,0.419557,0.408259,0.062901
-0.198674,0.198674,nan,0.000000,0.397347,0.408259,0.062901
-0.210050,0.210050,nan,0.000000,0.420100,0.408259,0.062901
-0.222523,0.222523,nan,0.000000,0.445046,0.408259,0.062901
-0.216139,0.216139,nan,0.000000,0.432277,0.408259,0.062901
-0.153303,0.153303,nan,0.000000,0.306605,0.408259,0.062901
-0.205012,0.205012,nan,0.000000,0.410023,0.408259,0.062901
-0.191852,0.191852,nan,0.000000,0.383705,0.408259,0.062901
-0.246913,0.246913,nan,0.000000,0.493826,0.408259,0.062901
-0.236936,0.236936,nan,0.000000,0.473871,0.408259,0.062901
-0.151393,0.151393,nan,0.000000,0.302786,0.408259,0.062901
-0.157115,0.157115,nan,0.000000,0.314230,0.408259,0.062901
-0.187928,0.187928,nan,0.000000,0.375856,0.408259,0.062901
0.262927,-0.262927,nan,1.000000,-0.525854,-0.537605,0.062901
0.286987,-0.286987,nan,0.000000,-0.573974,-0.537605,0.062901
0.257843,-0.257843,nan,0.000000,-0.515685,-0.537605,0.062901
0.192964,-0.192964,nan,0.000000,-0.385928,-0.537605,0.062901
0.289420,-0.289420,nan,0.000000,-0.578841,-0.537605,0.062901
0.247628,-0.247628,nan,0.000000,-0.495257,-0.537605,0.062901
0.293708,-0.293708,nan,0.000000,-0.587416,-0.537605,0.062901
0.251683,-0.251683,nan,0.000000,-0.503367,-0.537605,0.062901
0.219879,-0.219879,nan,0.000000,-0.439757,-0.537605,0.062901
0.212596,-0.212596,nan,0.000000,-0.425192,-0.537605,0.062901
0.321644,-0.321644,nan,0.000000,-0.643288,-0.537605,0.062901
0.230271,-0.230271,nan,0.000000,-0.460542,-0.537605,0.062901
0.282222,-0.282222,nan,0.000000,-0.564445,-0.537605,0.062901
0.221026,-0.221026,nan,0.000000,-0.442053,-0.537605,0.062901
0.296411,-0.296411,nan,0.000000,-0.592821,-0.537605,0.062901
0.297273,-0.297273,nan,0.000000,-0.594545,-0.537605,0.062901
0.301827,-0.301827,nan,0.000000,-0.603653,-0.537605,0.062901
0.275521,-0.275521,nan,0.000000,-0.551043,-0.537605,0.062901
0.250626,-0.250626,nan,0.000000,-0.501253,-0.537605,0.062901
0.208494,-0.208494,nan,0.000000,-0.416988,-0.537605,0.062901
0.222851,-0.222851,nan,0.000000,-0.445702,-0.537605,0.062901
0.247677,-0.247677,nan,0.000000,-0.495354,-0.537605,0.062901
0.286377,-0.286377,nan,0.000000,-0.572754,-0.537605,0.062901
0.324428,-0.324428,nan,0.000000,-0.648855,-0.537605,0.062901
0.324507,-0.324507,nan,0.000000,-0.649014,-0.537605,0.062901
0.252998,-0.252998,nan,0.000000,-0.505996,-0.537605,0.062901
0.308471,-0.308471,nan,0.000000,-0.616942,-0.537605,0.062901
0.255699,-0.255699,nan,0.000000,-0.511399,-0.537605,0.062901
0.249822,-0.249822,nan,0.000000,-0.499643,-0.537605,0.062901
0.272464,-0.272464,nan,0.000000,-0.544928,-0.537605,0.062901
0.279714,-0.279714,nan,0.000000,-0.559427,-0.537605,0.062901
0.288653,-0.288653,nan,0.000000,-0.577307,-0.537605,0.062901
0.291222,-0.291222,nan,0.000000,-0.582444,-0.537605,0.062901
0.237097,-0.237097,nan,0.000000,-0.474193,-0.537605,0.062901
0.233999,-0.233999,nan,0.000000,-0.467998,-0.537605,0.062901
0.222903,-0.222903,nan,0.000000,-0.445805,-0.537605,0.062901
0.256905,-0.256905,nan,0.000000,-0.513810,-0.537605,0.062901
0.286676,-0.286676,nan,0.000000,-0.573351,-0.537605,0.062901
0.199074,-0.199074,nan,1.000000,-0.398147,-0.408259,0.062901
0.178329,-0.178329,nan,0.000000,-0.356658,-0.408259,0.062901
0.220880,-0.220880,nan,0.000000,-0.441761,-0.408259,0.062901
0.215173,-0.215173,nan,0.000000,-0.430346,-0.408259,0.062901
0.227463,-0.227463,nan,0.000000,-0.454927,-0.408259,0.062901
0.225881,-0.225881,nan,0.000000,-0.451761,-0.408259,0.062901
0.211257,-0.211257,nan,0.000000,-0.422515,-0.408259,0.062901
0.143046,-0.143046,nan,0.000000,-0.286093,-0.408259,0.062901
0.242768,-0.242768,nan,0.000000,-0.485536,-0.408259,0.062901
0.180094,-0.180094,nan,0.000000,-0.360188,-0.408259,0.062901
0.183839,-0.183839,nan,0.000000,-0.367678,-0.408259,0.062901
0.245383,-0.245383,nan,0.000000,-0.490766,-0.408259,0.062901
0.195273,-0.195273,nan,0.000000,-0.390546,-0.408259,0.062901
0.207124,-0.207124,nan,0.000000,-0.414247,-0.408259,0.062901
0.210498,-0.210498,nan,0.000000,-0.420996,-0.408259,0.062901
0.171772,-0.171772,nan,0.000000,-0.343544,-0.408259,0.062901
0.213041,-0.213041,nan,0.000000,-0.426082,-0.408259,0.062901
0.232252,-0.232252,nan,0.000000,-0.464505,-0.408259,0.062901
0.246821,-0.246821,nan,0.000000,-0.493641,-0.408259,0.062901
0.246031,-0.246031,nan,0.000000,-0.492063,-0.408259,0.062901
0.132778,-0.132778,nan,0.000000,-0.265557,-0.408259,0.062901
0.246372,-0.246372,nan,0.000000,-0.492744,-0.408259,0.062901
0.162789,-0.162789,nan,0.000000,-0.325579,-0.408259,0.062901
0.213698,-0.213698,nan,0.000000,-0.427395,-0.408259,0.062901
0.139943,-0.139943,nan,0.000000,-0.279886,-0.408259,0.062901
0.202508,-0.202508,nan,0.000000,-0.405016,-0.408259,0.062901
0.244541,-0.244541,nan,0.000000,-0.489082,-0.408259,0.062901
0.235403,-0.235403,nan,0.000000,-0.470807,-0.408259,0.062901
0.232850,-0.232850,nan,0.000000,-0.465701,-0.408259,0.062901
0.206726,-0.206726,nan,0.000000,-0.413452,-0.408259,0.062901
0.193925,-0.193925,nan,0.000000,-0.387850,-0.408259,0.062901
0.194698,-0.194698,nan,0.000000,-0.389395,-0.408259,0.062901
0.225146,-0.225146,nan,1.000000,-0.450293,-0.498827,0.062901
0.244975,-0.244975,nan,0.000000,-0.489950,-0.498827,0.062901
0.283951,-0.283951,nan,0.000000,-0.567903,-0.498827,0.062901
0.246766,-0.246766,nan,0.000000,-0.493533,-0.498827,0.062901
0.221954,-0.221954,nan,0.000000,-0.443908,-0.498827,0.062901
0.201334,-0.201334,nan,0.000000,-0.402668,-0.498827,0.062901
0.287451,-0.287451,nan,0.000000,-0.574902,-0.498827,0.062901
0.235971,-0.235971,nan,0.000000,-0.471943,-0.498827,0.062901
0.279621,-0.279621,nan,0.000000,-0.559242,-0.498827,0.062901
0.284069,-0.284069,nan,0.000000,-0.568138,-0.498827,0.062901
0.181484,-0.181484,nan,0.000000,-0.362968,-0.498827,0.062901
0.212724,-0.212724,nan,0.000000,-0.425447,-0.498827,0.062901
0.293290,-0.293290,nan,0.000000,-0.586580,-0.498827,0.062901
0.260380,-0.260380,nan,0.000000,-0.520760,-0.498827,0.062901
0.264469,-0.264469,nan,0.000000,-0.528939,-0.498827,0.062901
0.270537,-0.270537,nan,0.000000,-0.541073,-0.498827,0.062901
0.300284,-0.300284,nan,0.000000,-0.600569,-0.498827,0.062901
0.251776,-0.251776,nan,0.000000,-0.503553,-0.498827,0.062901
0.243177,-0.243177,nan,0.000000,-0.486355,-0.498827,0.062901
0.240419,-0.240419,nan,0.000000,-0.480837,-0.498827,0.062901
0.268562,-0.268562,nan,0.000000,-0.537123,-0.498827,0.062901
0.330161,-0.330161,nan,0.000000,-0.660323,-0.498827,0.062901
0.205272,-0.205272,nan,0.000000,-0.410543,-0.498827,0.062901
0.217468,-0.217468,nan,0.000000,-0.434936,-0.498827,0.062901
0.224556,-0.224556,nan,0.000000,-0.449112,-0.498827,0.062901
0.252938,-0.252938,nan,0.000000,-0.505876,-0.498827,0.062901
0.232722,-0.232722,nan,0.000000,-0.465444,-0.498827,0.062901
0.159970,-0.159970,nan,0.000000,-0.319941,-0.498827,0.062901
0.340229,-0.340229,nan,1.000000,-0.680458,-0.581637,0.062901
0.328881,-0.328881,nan,0.000000,-0.657761,-0.581637,0.062901
0.277017,-0.277017,nan,0.000000,-0.554033,-0.581637,0.062901
0.241711,-0.241711,nan,0.000000,-0.483421,-0.581637,0.062901
0.276095,-0.276095,nan,0.000000,-0.552189,-0.581637,0.062901
0.283336,-0.283336,nan,0.000000,-0.566672,-0.581637,0.062901
0.322167,-0.322167,nan,0.000000,-0.644333,-0.581637,0.062901
0.256547,-0.256547,nan,0.000000,-0.513095,-0.581637,0.062901
0.306685,-0.306685,nan,0.000000,-0.613369,-0.581637,0.062901
0.261070,-0.261070,nan,0.000000,-0.522140,-0.581637,0.062901
0.290896,-0.290896,nan,0.000000,-0.581792,-0.581637,0.062901
0.308338,-0.308338,nan,0.000000,-0.616676,-0.581637,0.062901
0.311063,-0.311063,nan,0.000000,-0.622126,-0.581637,0.062901
0.323194,-0.323194,nan,0.000000,-0.646389,-0.581637,0.062901
0.280566,-0.280566,nan,0.000000,-0.561132,-0.581637,0.062901
0.345472,-0.345472,nan,0.000000,-0.690943,-0.581637,0.062901
0.247801,-0.247801,nan,0.000000,-0.495602,-0.581637,0.062901
0.304528,-0.304528,nan,0.000000,-0.609057,-0.581637,0.062901
0.252825,-0.252825,nan,0.000000,-0.505649,-0.581637,0.062901
0.349185,-0.349185,nan,0.000000,-0.698370,-0.581637,0.062901
0.275323,-0.275323,nan,0.000000,-0.550647,-0.581637,0.062901
0.298603,-0.298603,nan,0.000000,-0.597207,-0.581637,0.062901
0.276119,-0.276119,nan,0.000000,-0.552237,-0.581637,0.062901
0.307600,-0.307600,nan,0.000000,-0.615200,-0.581637,0.062901
0.325334,-0.325334,nan,0.000000,-0.650668,-0.581637,0.062901
0.328148,-0.328148,nan,0.000000,-0.656297,-0.581637,0.062901
0.292545,-0.292545,nan,0.000000,-0.585089,-0.581637,0.062901
-0.284699,0.284699,nan,1.000000,0.569398,0.580161,0.062901
-0.320775,0.320775,nan,0.000000,0.641551,0.580161,0.062901
-0.268304,0.268304,nan,0.000000,0.536607,0.580161,0.062901
-0.334304,0.334304,nan,0.000000,0.668608,0.580161,0.062901
-0.326300,0.326300,nan,0.000000,0.652601,0.580161,0.062901
-0.358848,0.358848,nan,0.000000,0.717697,0.580161,0.062901
-0.261061,0.261061,nan,0.000000,0.522123,0.580161,0.062901
-0.294516,0.294516,nan,0.000000,0.589033,0.580161,0.062901
-0.255289,0.255289,nan,0.000000,0.510578,0.580161,0.062901
-0.279297,0.279297,nan,0.000000,0.558594,0.580161,0.062901
-0.288005,0.288005,nan,0.000000,0.576009,0.580161,0.062901
-0.287154,0.287154,nan,0.000000,0.574307,0.580161,0.062901
-0.208046,0.208046,nan,0.000000,0.416091,0.580161,0.062901
-0.265665,0.265665,nan,0.000000,0.531330,0.580161,0.062901
-0.288218,0.288218,nan,0.000000,0.576436,0.580161,0.062901
-0.311454,0.311454,nan,0.000000,0.622907,0.580161,0.062901
-0.258866,0.258866,nan,0.000000,0.517732,0.580161,0.062901
-0.263522,0.263522,nan,0.000000,0.527044,0.580161,0.062901
-0.282280,0.282280,nan,0.000000,0.564560,0.580161,0.062901
-0.316455,0.316455,nan,0.000000,0.632911,0.580161,0.062901
-0.321260,0.321260,nan,0.000000,0.642520,0.580161,0.062901
-0.245357,0.245357,nan,0.000000,0.490715,0.580161,0.062901
-0.317208,0.317208,nan,0.000000,0.634417,0.580161,0.062901
-0.294899,0.294899,nan,0.000000,0.589798,0.580161,0.062901
-0.320117,0.320117,nan,0.000000,0.640234,0.580161,0.062901
-0.290567,0.290567,nan,0.000000,0.581134,0.580161,0.062901
-0.299235,0.299235,nan,0.000000,0.598471,0.580161,0.062901
-0.280128,0.280128,nan,0.000000,0.560257,0.580161,0.062901
0.259884,-0.259884,nan,1.000000,-0.519767,-0.555558,0.062901
0.315906,-0.315906,nan,0.000000,-0.631812,-0.555558,0.062901
0.281409,-0.281409,nan,0.000000,-0.562818,-0.555558,0.062901
0.255563,-0.255563,nan,0.000000,-0.511125,-0.555558,0.062901
0.282715,-0.282715,nan,0.000000,-0.565431,-0.555558,0.062901
0.262142,-0.262142,nan,0.000000,-0.524284,-0.555558,0.062901
0.229581,-0.229581,nan,0.000000,-0.459163,-0.555558,0.062901
0.265351,-0.265351,nan,0.000000,-0.530703,-0.555558,0.062901
0.341066,-0.341066,nan,0.000000,-0.682131,-0.555558,0.062901
0.279033,-0.279033,nan,0.000000,-0.558066,-0.555558,0.062901
0.303575,-0.303575,nan,0.000000,-0.607151,-0.555558,0.062901
0.293295,-0.293295,nan,0.000000,-0.586590,-0.555558,0.062901
0.264098,-0.264098,nan,0.000000,-0.528197,-0.555558,0.062901
0.255280,-0.255280,nan,0.000000,-0.510560,-0.555558,0.062901
0.267813,-0.267813,nan,0.000000,-0.535627,-0.555558,0.062901
0.299386,-0.299386,nan,0.000000,-0.598772,-0.555558,0.062901
0.254538,-0.254538,nan,0.000000,-0.509076,-0.555558,0.062901
0.304140,-0.304140,nan,0.000000,-0.608280,-0.555558,0.062901
0.258745,-0.258745,nan,0.000000,-0.517490,-0.555558,0.062901
0.243705,-0.243705,nan,0.000000,-0.487410,-0.555558,0.062901
0.276937,-0.276937,nan,0.000000,-0.553874,-0.555558,0.062901
0.282887,-0.282887,nan,0.000000,-0.565773,-0.555558,0.062901
0.278144,-0.278144,nan,0.000000,-0.556288,-0.555558,0.062901
0.267882,-0.267882,nan,0.000000,-0.535763,-0.555558,0.062901
0.286512,-0.286512,nan,0.000000,-0.573025,-0.555558,0.062901
0.238246,-0.238246,nan,0.000000,-0.476493,-0.555558,0.062901
0.303887,-0.303887,nan,0.000000,-0.607773,-0.555558,0.062901
0.263905,-0.263905,nan,0.000000,-0.527810,-0.555558,0.062901
0.274167,-0.274167,nan,0.000000,-0.548335,-0.555558,0.062901
0.275023,-0.275023,nan,0.000000,-0.550045,-0.555558,0.062901
0.316517,-0.316517,nan,0.000000,-0.633034,-0.555558,0.062901
0.234312,-0.234312,nan,0.000000,-0.468624,-0.555558,0.062901
0.232298,-0.232298,nan,0.000000,-0.464595,-0.555558,0.062901
-0.263286,0.263286,nan,1.000000,0.526572,0.464643,0.062901
-0.266453,0.266453,nan,0.000000,0.532907,0.464643,0.062901
-0.245892,0.245892,nan,0.000000,0.491784,0.464643,0.062901
-0.224349,0.224349,nan,0.000000,0.448699,0.464643,0.062901
-0.249014,0.249014,nan,0.000000,0.498027,0.464643,0.062901
-0.225619,0.225619,nan,0.000000,0.451239,0.464643,0.062901
-0.241326,0.241326,nan,0.000000,0.482652,0.464643,0.062901
-0.253521,0.253521,nan,0.000000,0.507041,0.464643,0.062901
-0.225655,0.225655,nan,0.000000,0.451310,0.464643,0.062901
-0.222901,0.222901,nan,0.000000,0.445801,0.464643,0.062901
-0.255485,0.255485,nan,0.000000,0.510969,0.464643,0.062901
-0.249126,0.249126,nan,0.000000,0.498252,0.464643,0.062901
-0.215495,0.215495,nan,0.000000,0.430991,0.464643,0.062901
-0.250959,0.250959,nan,0.000000,0.501918,0.464643,0.062901
-0.242674,0.242674,nan,0.000000,0.485348,0.464643,0.062901
-0.261424,0.261424,nan,0.000000,0.522849,0.464643,0.062901
-0.204385,0.204385,nan,0.000000,0.408769,0.464643,0.062901
-0.215266,0.215266,nan,0.000000,0.430531,0.464643,0.062901
-0.245813,0.245813,nan,0.000000,0.491626,0.464643,0.062901
-0.232269,0.232269,nan,0.000000,0.464537,0.464643,0.062901
-0.217298,0.217298,nan,0.000000,0.434596,0.464643,0.062901
-0.274648,0.274648,nan,0.000000,0.549295,0.464643,0.062901
-0.221125,0.221125,nan,0.000000,0.442250,0.464643,0.062901
-0.233608,0.233608,nan,0.000000,0.467215,0.464643,0.062901
-0.222054,0.222054,nan,0.000000,0.444107,0.464643,0.062901
-0.256904,0.256904,nan,0.000000,0.513809,0.464643,0.062901
-0.268708,0.268708,nan,0.000000,0.537416,0.464643,0.062901
-0.225297,0.225297,nan,0.000000,0.450594,0.464643,0.062901
-0.247286,0.247286,nan,0.000000,0.494571,0.464643,0.062901
-0.275085,0.275085,nan,0.000000,0.550170,0.464643,0.062901
-0.230030,0.230030,nan,0.000000,0.460061,0.464643,0.062901
-0.272526,0.272526,nan,1.000000,0.545053,0.575389,0.062901
-0.269822,0.269822,nan,0.000000,0.539643,0.575389,0.062901
-0.302315,0.302315,nan,0.000000,0.604629,0.575389,0.062901
-0.314933,0.314933,nan,0.000000,0.629866,0.575389,0.062901
-0.275869,0.275869,nan,0.000000,0.551737,0.575389,0.062901
-0.289559,0.289559,nan,0.000000,0.579118,0.575389,0.062901
-0.276282,0.276282,nan,0.000000,0.552563,0.575389,0.062901
-0.269942,0.269942,nan,0.000000,0.539883,0.575389,0.062901
-0.284641,0.284641,nan,0.000000,0.569282,0.575389,0.062901
-0.268031,0.268031,nan,0.000000,0.536061,0.575389,0.062901
-0.323747,0.323747,nan,0.000000,0.647493,0.575389,0.062901
-0.304452,0.304452,nan,0.000000,0.608905,0.575389,0.062901
-0.251632,0.251632,nan,0.000000,0.503264,0.575389,0.062901
-0.275938,0.275938,nan,0.000000,0.551876,0.575389,0.062901
-0.287478,0.287478,nan,0.000000,0.574955,0.575389,0.062901
-0.304900,0.304900,nan,0.000000,0.609800,0.575389,0.062901
-0.274225,0.274225,nan,0.000000,0.548449,0.575389,0.062901
-0.266241,0.266241,nan,0.000000,0.532482,0.575389,0.062901
-0.326340,0.326340,nan,0.000000,0.652679,0.575389,0.062901
-0.259241,0.259241,nan,0.000000,0.518481,0.575389,0.062901
-0.275386,0.275386,nan,0.000000,0.550772,0.575389,0.062901
-0.276086,0.276086,nan,0.000000,0.552172,0.575389,0.062901
-0.285334,0.285334,nan,0.000000,0.570669,0.575389,0.062901
-0.221669,0.221669,nan,0.000000,0.443338,0.575389,0.062901
-0.237337,0.237337,nan,0.000000,0.474673,0.575389,0.062901
-0.240493,0.240493,nan,1.000000,0.480986,0.472413,0.062901
-0.276466,0.276466,nan,0.000000,0.552932,0.472413,0.062901
-0.271388,0.271388,nan,0.000000,0.542777,0.472413,0.062901
-0.240168,0.240168,nan,0.000000,0.480337,0.472413,0.062901
-0.234301,0.234301,nan,0.000000,0.468602,0.472413,0.062901
-0.246438,0.246438,nan,0.000000,0.492876,0.472413,0.062901
-0.216621,0.216621,nan,0.000000,0.433243,0.472413,0.062901
-0.244421,0.244421,nan,0.000000,0.488842,0.472413,0.062901
-0.279115,0.279115,nan,0.000000,0.558230,0.472413,0.062901
-0.219321,0.219321,nan,0.000000,0.438642,0.472413,0.062901
-0.252654,0.252654,nan,0.000000,0.505308,0.472413,0.062901
-0.264896,0.264896,nan,0.000000,0.529791,0.472413,0.062901
-0.187475,0.187475,nan,0.000000,0.374950,0.472413,0.062901
-0.199907,0.199907,nan,0.000000,0.399814,0.472413,0.062901
-0.271866,0.271866,nan,0.000000,0.543733,0.472413,0.062901
-0.205578,0.205578,nan,0.000000,0.411156,0.472413,0.062901
-0.244574,0.244574,nan,0.000000,0.489149,0.472413,0.062901
-0.209337,0.209337,nan,0.000000,0.418674,0.472413,0.062901
-0.231429,0.231429,nan,0.000000,0.462859,0.472413,0.062901
-0.239813,0.239813,nan,0.000000,0.479627,0.472413,0.062901
-0.248705,0.248705,nan,0.000000,0.497411,0.472413,0.062901
-0.269416,0.269416,nan,0.000000,0.538832,0.472413,0.062901
-0.252145,0.252145,nan,0.000000,0.504291,0.472413,0.062901
-0.264792,0.264792,nan,0.000000,0.529584,0.472413,0.062901
-0.238322,0.238322,nan,0.000000,0.476644,0.472413,0.062901
-0.247956,0.247956,nan,0.000000,0.495912,0.472413,0.062901
-0.274920,0.274920,nan,0.000000,0.549841,0.472413,0.062901
-0.224736,0.224736,nan,0.000000,0.449472,0.472413,0.062901
-0.263888,0.263888,nan,0.000000,0.527777,0.472413,0.062901
-0.236672,0.236672,nan,0.000000,0.473345,0.472413,0.062901
-0.275163,0.275163,nan,1.000000,0.550326,0.510610,0.062901
-0.245468,0.245468,nan,0.000000,0.490936,0.510610,0.062901
-0.245373,0.245373,nan,0.000000,0.490746,0.510610,0.062901
-0.252315,0.252315,nan,0.000000,0.504631,0.510610,0.062901
-0.220960,0.220960,nan,0.000000,0.441920,0.510610,0.062901
-0.247137,0.247137,nan,0.000000,0.494273,0.510610,0.062901
-0.248171,0.248171,nan,0.000000,0.496343,0.510610,0.062901
-0.243027,0.243027,nan,0.000000,0.486053,0.510610,0.062901
-0.223301,0.223301,nan,0.000000,0.446603,0.510610,0.062901
-0.222531,0.222531,nan,0.000000,0.445061,0.510610,0.062901
-0.242427,0.242427,nan,0.000000,0.484855,0.510610,0.062901
-0.232628,0.232628,nan,0.000000,0.465256,0.510610,0.062901
-0.159929,0.159929,nan,0.000000,0.319857,0.510610,0.062901
-0.253963,0.253963,nan,0.000000,0.507927,0.510610,0.062901
-0.282971,0.282971,nan,0.000000,0.565941,0.510610,0.062901
-0.211959,0.211959,nan,0.000000,0.423919,0.510610,0.062901
-0.272432,0.272432,nan,0.000000,0.544864,0.510610,0.062901
-0.320312,0.320312,nan,0.000000,0.640624,0.510610,0.062901
-0.243593,0.243593,nan,0.000000,0.487186,0.510610,0.062901
-0.275029,0.275029,nan,0.000000,0.550058,0.510610,0.062901
-0.292700,0.292700,nan,0.000000,0.585399,0.510610,0.062901
-0.293853,0.293853,nan,0.000000,0.587706,0.510610,0.062901
-0.234483,0.234483,nan,0.000000,0.468966,0.510610,0.062901
-0.283616,0.283616,nan,0.000000,0.567233,0.510610,0.062901
-0.273662,0.273662,nan,0.000000,0.547325,0.510610,0.062901
-0.223112,0.223112,nan,0.000000,0.446225,0.510610,0.062901
-0.230763,0.230763,nan,0.000000,0.461527,0.510610,0.062901
-0.314184,0.314184,nan,0.000000,0.628369,0.510610,0.062901
-0.277793,0.277793,nan,0.000000,0.555586,0.510610,0.062901
-0.189999,0.189999,nan,0.000000,0.379999,0.510610,0.062901
0.210236,-0.210236,nan,1.000000,-0.420472,-0.472413,0.062901
0.266155,-0.266155,nan,0.000000,-0.532311,-0.472413,0.062901
0.253885,-0.253885,nan,0.000000,-0.507770,-0.472413,0.062901
0.268387,-0.268387,nan,0.000000,-0.536775,-0.472413,0.062901
0.208824,-0.208824,nan,0.000000,-0.417648,-0.472413,0.062901
0.204602,-0.204602,nan,0.000000,-0.409203,-0.472413,0.062901
0.190851,-0.190851,nan,0.000000,-0.381701,-0.472413,0.062901
0.238784,-0.238784,nan,0.000000,-0.477567,-0.472413,0.062901
0.242293,-0.242293,nan,0.000000,-0.484586,-0.472413,0.062901
0.246827,-0.246827,nan,0.000000,-0.493655,-0.472413,0.062901
0.272300,-0.272300,nan,0.000000,-0.544601,-0.472413,0.062901
0.301862,-0.301862,nan,0.000000,-0.603724,-0.472413,0.062901
0.244747,-0.244747,nan,0.000000,-0.489494,-0.472413,0.062901
0.242315,-0.242315,nan,0.000000,-0.484629,-0.472413,0.062901
0.196409,-0.196409,nan,0.000000,-0.392818,-0.472413,0.062901
0.171746,-0.171746,nan,0.000000,-0.343492,-0.472413,0.062901
0.194319,-0.194319,nan,0.000000,-0.388638,-0.472413,0.062901
0.253999,-0.253999,nan,0.000000,-0.507999,-0.472413,0.062901
0.262828,-0.262828,nan,0.000000,-0.525656,-0.472413,0.062901
0.228802,-0.228802,nan,0.000000,-0.457604,-0.472413,0.062901
0.285876,-0.285876,nan,0.000000,-0.571751,-0.472413,0.062901
0.222201,-0.222201,nan,0.000000,-0.444402,-0.472413,0.062901
0.190136,-0.190136,nan,0.000000,-0.380273,-0.472413,0.062901
0.257020,-0.257020,nan,0.000000,-0.514040,-0.472413,0.062901
0.206733,-0.206733,nan,0.000000,-0.413466,-0.472413,0.062901
0.231906,-0.231906,nan,0.000000,-0.463812,-0.472413,0.062901
0.229720,-0.229720,nan,0.000000,-0.459440,-0.472413,0.062901
0.232981,-0.232981,nan,0.000000,-0.465961,-0.472413,0.062901
0.216820,-0.216820,nan,0.000000,-0.433639,-0.472413,0.062901
0.263228,-0.263228,nan,0.000000,-0.526455,-0.472413,0.062901
0.275097,-0.275097,nan,0.000000,-0.550194,-0.472413,0.062901
0.225423,-0.225423,nan,0.000000,-0.450846,-0.472413,0.062901
0.235950,-0.235950,nan,0.000000,-0.471900,-0.472413,0.062901
0.290146,-0.290146,nan,0.000000,-0.580292,-0.472413,0.062901
0.228418,-0.228418,nan,0.000000,-0.456836,-0.472413,0.062901
-0.279027,0.279027,nan,1.000000,0.558054,0.558768,0.062901
-0.305559,0.305559,nan,0.000000,0.611117,0.558768,0.062901
-0.210290,0.210290,nan,0.000000,0.420580,0.558768,0.062901
-0.339256,0.339256,nan,0.000000,0.678512,0.558768,0.062901
-0.261705,0.261705,nan,0.000000,0.523410,0.558768,0.062901
-0.232855,0.232855,nan,0.000000,0.465711,0.558768,0.062901
-0.283821,0.283821,nan,0.000000,0.567642,0.558768,0.062901
-0.261852,0.261852,nan,0.000000,0.523703,0.558768,0.062901
-0.286358,0.286358,nan,0.000000,0.572716,0.558768,0.062901
-0.278301,0.278301,nan,0.000000,0.556601,0.558768,0.062901
-0.256381,0.256381,nan,0.000000,0.512761,0.558768,0.062901
-0.215276,0.215276,nan,0.000000,0.430551,0.558768,0.062901
-0.325819,0.325819,nan,0.000000,0.651638,0.558768,0.062901
-0.299944,0.299944,nan,0.000000,0.599887,0.558768,0.062901
-0.298990,0.298990,nan,0.000000,0.597980,0.558768,0.062901
-0.255237,0.255237,nan,0.000000,0.510475,0.558768,0.062901
-0.256796,0.256796,nan,0.000000,0.513593,0.558768,0.062901
-0.316006,0.316006,nan,0.000000,0.632012,0.558768,0.062901
-0.261771,0.261771,nan,0.000000,0.523543,0.558768,0.062901
-0.266079,0.266079,nan,0.000000,0.532157,0.558768,0.062901
-0.276394,0.276394,nan,0.000000,0.552788,0.558768,0.062901
-0.276234,0.276234,nan,0.000000,0.552468,0.558768,0.062901
-0.242746,0.242746,nan,0.000000,0.485491,0.558768,0.062901
-0.307159,0.307159,nan,0.000000,0.614318,0.558768,0.062901
-0.259931,0.259931,nan,0.000000,0.519863,0.558768,0.062901
-0.291468,0.291468,nan,0.000000,0.582936,0.558768,0.062901
-0.250192,0.250192,nan,0.000000,0.500385,0.558768,0.062901
-0.354586,0.354586,nan,0.000000,0.709172,0.558768,0.062901
-0.312152,0.312152,nan,0.000000,0.624305,0.558768,0.062901
-0.300248,0.300248,nan,0.000000,0.600496,0.558768,0.062901
-0.262013,0.262013,nan,0.000000,0.524026,0.558768,0.062901
-0.282824,0.282824,nan,0.000000,0.565647,0.558768,0.062901
0.295574,-0.295574,nan,1.000000,-0.591148,-0.533138,0.062901
0.239099,-0.239099,nan,0.000000,-0.478198,-0.533138,0.062901
0.255892,-0.255892,nan,0.000000,-0.511784,-0.533138,0.062901
0.255449,-0.255449,nan,0.000000,-0.510897,-0.533138,0.062901
0.265283,-0.265283,nan,0.000000,-0.530567,-0.533138,0.062901
0.288119,-0.288119,nan,0.000000,-0.576239,-0.533138,0.062901
0.289852,-0.289852,nan,0.000000,-0.579704,-0.533138,0.062901
0.292823,-0.292823,nan,0.000000,-0.585645,-0.533138,0.062901
0.259832,-0.259832,nan,0.000000,-0.519665,-0.533138,0.062901
0.255721,-0.255721,nan,0.000000,-0.511442,-0.533138,0.062901
0.232288,-0.232288,nan,0.000000,-0.464576,-0.533138,0.062901
0.233310,-0.233310,nan,0.000000,-0.466619,-0.533138,0.062901
0.237158,-0.237158,nan,0.000000,-0.474315,-0.533138,0.062901
0.198513,-0.198513,nan,0.000000,-0.397026,-0.533138,0.062901
0.260786,-0.260786,nan,0.000000,-0.521573,-0.533138,0.062901
0.301753,-0.301753,nan,0.000000,-0.603507,-0.533138,0.062901
0.289497,-0.289497,nan,0.000000,-0.578994,-0.533138,0.062901
0.318982,-0.318982,nan,0.000000,-0.637964,-0.533138,0.062901
0.250968,-0.250968,nan,0.000000,-0.501937,-0.533138,0.062901
0.246723,-0.246723,nan,0.000000,-0.493447,-0.533138,0.062901
0.220514,-0.220514,nan,0.000000,-0.441028,-0.533138,0.062901
0.260703,-0.260703,nan,0.000000,-0.521407,-0.533138,0.062901
0.282769,-0.282769,nan,0.000000,-0.565537,-0.533138,0.062901
0.223956,-0.223956,nan,0.000000,-0.447913,-0.533138,0.062901
0.269336,-0.269336,nan,0.000000,-0.538672,-0.533138,0.062901
0.236763,-0.236763,nan,0.000000,-0.473525,-0.533138,0.062901
0.240414,-0.240414,nan,0.000000,-0.480829,-0.533138,0.062901
0.247742,-0.247742,nan,1.000000,-0.495484,-0.547502,0.062901
0.252445,-0.252445,nan,0.000000,-0.504891,-0.547502,0.062901
0.297507,-0.297507,nan,0.000000,-0.595014,-0.547502,0.062901
0.259523,-0.259523,nan,0.000000,-0.519047,-0.547502,0.062901
0.249662,-0.249662,nan,0.000000,-0.499323,-0.547502,0.062901
0.297295,-0.297295,nan,0.000000,-0.594590,-0.547502,0.062901
0.239489,-0.239489,nan,0.000000,-0.478978,-0.547502,0.062901
0.264745,-0.264745,nan,0.000000,-0.529490,-0.547502,0.062901
0.279697,-0.279697,nan,0.000000,-0.559394,-0.547502,0.062901
0.315767,-0.315767,nan,0.000000,-0.631533,-0.547502,0.062901
0.271673,-0.271673,nan,0.000000,-0.543345,-0.547502,0.062901
0.277431,-0.277431,nan,0.000000,-0.554862,-0.547502,0.062901
0.244136,-0.244136,nan,0.000000,-0.488271,-0.547502,0.062901
0.256740,-0.256740,nan,0.000000,-0.513480,-0.547502,0.062901
0.340377,-0.340377,nan,0.000000,-0.680755,-0.547502,0.062901
0.300653,-0.300653,nan,0.000000,-0.601306,-0.547502,0.062901
0.285371,-0.285371,nan,0.000000,-0.570742,-0.547502,0.062901
0.247396,-0.247396,nan,0.000000,-0.494791,-0.547502,0.062901
0.251487,-0.251487,nan,0.000000,-0.502974,-0.547502,0.062901
0.284031,-0.284031,nan,0.000000,-0.568063,-0.547502,0.062901
0.339298,-0.339298,nan,0.000000,-0.678597,-0.547502,0.062901
0.259102,-0.259102,nan,0.000000,-0.518203,-0.547502,0.062901
0.258479,-0.258479,nan,0.000000,-0.516957,-0.547502,0.062901
0.297257,-0.297257,nan,0.000000,-0.594515,-0.547502,0.062901
0.236006,-0.236006,nan,0.000000,-0.472013,-0.547502,0.062901
0.291064,-0.291064,nan,0.000000,-0.582129,-0.547502,0.062901
0.273988,-0.273988,nan,0.000000,-0.547976,-0.547502,0.062901
0.299290,-0.299290,nan,0.000000,-0.598581,-0.547502,0.062901
0.226729,-0.226729,nan,0.000000,-0.453459,-0.547502,0.062901
0.265610,-0.265610,nan,0.000000,-0.531221,-0.547502,0.062901
0.204508,-0.204508,nan,0.000000,-0.409016,-0.547502,0.062901
0.297721,-0.297721,nan,1.000000,-0.595442,-0.510610,0.062901
0.261006,-0.261006,nan,0.000000,-0.522012,-0.510610,0.062901
0.300966,-0.300966,nan,0.000000,-0.601931,-0.510610,0.062901
0.287321,-0.287321,nan,0.000000,-0.574642,-0.510610,0.062901
0.276526,-0.276526,nan,0.000000,-0.553052,-0.510610,0.062901
0.305293,-0.305293,nan,0.000000,-0.610585,-0.510610,0.062901
0.228085,-0.228085,nan,0.000000,-0.456171,-0.510610,0.062901
0.276936,-0.276936,nan,0.000000,-0.553872,-0.510610,0.062901
0.286144,-0.286144,nan,0.000000,-0.572287,-0.510610,0.062901
0.242592,-0.242592,nan,0.000000,-0.485185,-0.510610,0.062901
0.198316,-0.198316,nan,0.000000,-0.396632,-0.510610,0.062901
0.267853,-0.267853,nan,0.000000,-0.535706,-0.510610,0.062901
0.292114,-0.292114,nan,0.000000,-0.584227,-0.510610,0.062901
0.218279,-0.218279,nan,0.000000,-0.436559,-0.510610,0.062901
0.217538,-0.217538,nan,0.000000,-0.435075,-0.510610,0.062901
0.281892,-0.281892,nan,0.000000,-0.563783,-0.510610,0.062901
0.254787,-0.254787,nan,0.000000,-0.509574,-0.510610,0.062901
0.245792,-0.245792,nan,0.000000,-0.491584,-0.510610,0.062901
0.170599,-0.170599,nan,0.000000,-0.341197,-0.510610,0.062901
0.261210,-0.261210,nan,0.000000,-0.522419,-0.510610,0.062901
0.243654,-0.243654,nan,0.000000,-0.487309,-0.510610,0.062901
0.257334,-0.257334,nan,0.000000,-0.514669,-0.510610,0.062901
0.245058,-0.245058,nan,0.000000,-0.490116,-0.510610,0.062901
0.244211,-0.244211,nan,0.000000,-0.488421,-0.510610,0.062901
0.273116,-0.273116,nan,0.000000,-0.546233,-0.510610,0.062901
0.258955,-0.258955,nan,0.000000,-0.517911,-0.510610,0.062901
0.257037,-0.257037,nan,0.000000,-0.514075,-0.510610,0.062901
0.203058,-0.203058,nan,0.000000,-0.406116,-0.510610,0.062901
0.219238,-0.219238,nan,0.000000,-0.438476,-0.510610,0.062901
0.239610,-0.239610,nan,0.000000,-0.479220,-0.510610,0.062901
0.233411,-0.233411,nan,0.000000,-0.466822,-0.510610,0.062901
0.207581,-0.207581,nan,0.000000,-0.415161,-0.510610,0.062901
0.241118,-0.241118,nan,0.000000,-0.482236,-0.510610,0.062901
0.280164,-0.280164,nan,0.000000,-0.560328,-0.510610,0.062901
0.287783,-0.287783,nan,0.000000,-0.575565,-0.510610,0.062901
0.276076,-0.276076,nan,1.000000,-0.552153,-0.575389,0.062901
0.267763,-0.267763,nan,0.000000,-0.535526,-0.575389,0.062901
0.307279,-0.307279,nan,0.000000,-0.614558,-0.575389,0.062901
0.292231,-0.292231,nan,0.000000,-0.584462,-0.575389,0.062901
0.234765,-0.234765,nan,0.000000,-0.469529,-0.575389,0.062901
0.265848,-0.265848,nan,0.000000,-0.531695,-0.575389,0.062901
0.256353,-0.256353,nan,0.000000,-0.512706,-0.575389,0.062901
0.290291,-0.290291,nan,0.000000,-0.580582,-0.575389,0.062901
0.300564,-0.300564,nan,0.000000,-0.601129,-0.575389,0.062901
0.275344,-0.275344,nan,0.000000,-0.550688,-0.575389,0.062901
0.251805,-0.251805,nan,0.000000,-0.503611,-0.575389,0.062901
0.297831,-0.297831,nan,0.000000,-0.595662,-0.575389,0.062901
0.210307,-0.210307,nan,0.000000,-0.420615,-0.575389,0.062901
0.271389,-0.271389,nan,0.000000,-0.542778,-0.575389,0.062901
0.262610,-0.262610,nan,0.000000,-0.525219,-0.575389,0.062901
0.247703,-0.247703,nan,0.000000,-0.495406,-0.575389,0.062901
0.290737,-0.290737,nan,0.000000,-0.581474,-0.575389,0.062901
0.282587,-0.282587,nan,0.000000,-0.565174,-0.575389,0.062901
0.323740,-0.323740,nan,0.000000,-0.647479,-0.575389,0.062901
0.272124,-0.272124,nan,0.000000,-0.544249,-0.575389,0.062901
0.333709,-0.333709,nan,0.000000,-0.667419,-0.575389,0.062901
0.311232,-0.311232,nan,0.000000,-0.622464,-0.575389,0.062901
0.309621,-0.309621,nan,0.000000,-0.619243,-0.575389,0.062901
0.346996,-0.346996,nan,0.000000,-0.693993,-0.575389,0.062901
0.287886,-0.287886,nan,0.000000,-0.575772,-0.575389,0.062901
0.300729,-0.300729,nan,0.000000,-0.601458,-0.575389,0.062901
0.308604,-0.308604,nan,0.000000,-0.617208,-0.575389,0.062901
0.261381,-0.261381,nan,1.000000,-0.522762,-0.558768,0.062901
0.345558,-0.345558,nan,0.000000,-0.691115,-0.558768,0.062901
0.312258,-0.312258,nan,0.000000,-0.624516,-0.558768,0.062901
0.246465,-0.246465,nan,0.000000,-0.492931,-0.558768,0.062901
0.255767,-0.255767,nan,0.000000,-0.511535,-0.558768,0.062901
0.211146,-0.211146,nan,0.000000,-0.422292,-0.558768,0.062901
0.291259,-0.291259,nan,0.000000,-0.582518,-0.558768,0.062901
0.231140,-0.231140,nan,0.000000,-0.462280,-0.558768,0.062901
0.314785,-0.314785,nan,0.000000,-0.629570,-0.558768,0.062901
0.298485,-0.298485,nan,0.000000,-0.596971,-0.558768,0.062901
0.259376,-0.259376,nan,0.000000,-0.518752,-0.558768,0.062901
0.304171,-0.304171,nan,0.000000,-0.608343,-0.558768,0.062901
0.306439,-0.306439,nan,0.000000,-0.612878,-0.558768,0.062901
0.257214,-0.257214,nan,0.000000,-0.514428,-0.558768,0.062901
0.331313,-0.331313,nan,0.000000,-0.662626,-0.558768,0.062901
0.287552,-0.287552,nan,0.000000,-0.575104,-0.558768,0.062901
0.313357,-0.313357,nan,0.000000,-0.626715,-0.558768,0.062901
0.252557,-0.252557,nan,0.000000,-0.505114,-0.558768,0.062901
0.300481,-0.300481,nan,0.000000,-0.600963,-0.558768,0.062901
0.303837,-0.303837,nan,0.000000,-0.607675,-0.558768,0.062901
0.325554,-0.325554,nan,0.000000,-0.651108,-0.558768,0.062901
0.241698,-0.241698,nan,0.000000,-0.483396,-0.558768,0.062901
0.224039,-0.224039,nan,0.000000,-0.448078,-0.558768,0.062901
0.267888,-0.267888,nan,0.000000,-0.535777,-0.558768,0.062901
0.264217,-0.264217,nan,0.000000,-0.528435,-0.558768,0.062901
0.244249,-0.244249,nan,0.000000,-0.488498,-0.558768,0.062901
0.231519,-0.231519,nan,0.000000,-0.463038,-0.558768,0.062901
0.225639,-0.225639,nan,0.000000,-0.451279,-0.558768,0.062901
0.242731,-0.242731,nan,0.000000,-0.485462,-0.558768,0.062901
0.215408,-0.215408,nan,0.000000,-0.430816,-0.558768,0.062901
0.267644,-0.267644,nan,0.000000,-0.535288,-0.558768,0.062901
0.285152,-0.285152,nan,0.000000,-0.570303,-0.558768,0.062901
-0.258181,0.258181,nan,1.000000,0.516361,0.533138,0.062901
-0.285337,0.285337,nan,0.000000,0.570675,0.533138,0.062901
-0.267800,0.267800,nan,0.000000,0.535600,0.533138,0.062901
-0.300329,0.300329,nan,0.000000,0.600658,0.533138,0.062901
-0.240698,0.240698,nan,0.000000,0.481397,0.533138,0.062901
-0.257817,0.257817,nan,0.000000,0.515635,0.533138,0.062901
-0.264089,0.264089,nan,0.000000,0.528177,0.533138,0.062901
-0.273361,0.273361,nan,0.000000,0.546723,0.533138,0.062901
-0.290057,0.290057,nan,0.000000,0.580113,0.533138,0.062901
-0.264503,0.264503,nan,0.000000,0.529007,0.533138,0.062901
-0.284518,0.284518,nan,0.000000,0.569035,0.533138,0.062901
-0.229498,0.229498,nan,0.000000,0.458997,0.533138,0.062901
-0.295032,0.295032,nan,0.000000,0.590064,0.533138,0.062901
-0.292337,0.292337,nan,0.000000,0.584673,0.533138,0.062901
-0.279852,0.279852,nan,0.000000,0.559704,0.533138,0.062901
-0.256439,0.256439,nan,0.000000,0.512878,0.533138,0.062901
-0.213619,0.213619,nan,0.000000,0.427239,0.533138,0.062901
-0.264175,0.264175,nan,0.000000,0.528350,0.533138,0.062901
-0.249310,0.249310,nan,0.000000,0.498619,0.533138,0.062901
-0.228614,0.228614,nan,0.000000,0.457228,0.533138,0.062901
-0.284290,0.284290,nan,0.000000,0.568580,0.533138,0.062901
-0.231420,0.231420,nan,0.000000,0.462841,0.533138,0.062901
-0.253703,0.253703,nan,0.000000,0.507406,0.533138,0.062901
-0.194972,0.194972,nan,1.000000,0.389944,0.403518,0.062901
-0.209379,0.209379,nan,0.000000,0.418758,0.403518,0.062901
-0.161408,0.161408,nan,0.000000,0.322816,0.403518,0.062901
-0.175967,0.175967,nan,0.000000,0.351933,0.403518,0.062901
-0.175545,0.175545,nan,0.000000,0.351091,0.403518,0.062901
-0.253401,0.253401,nan,0.000000,0.506802,0.403518,0.062901
-0.235105,0.235105,nan,0.000000,0.470210,0.403518,0.062901
-0.207972,0.207972,nan,0.000000,0.415945,0.403518,0.062901
-0.200932,0.200932,nan,0.000000,0.401865,0.403518,0.062901
-0.191716,0.191716,nan,0.000000,0.383433,0.403518,0.062901
-0.194243,0.194243,nan,0.000000,0.388486,0.403518,0.062901
-0.193716,0.193716,nan,0.000000,0.387432,0.403518,0.062901
-0.223174,0.223174,nan,0.000000,0.446349,0.403518,0.062901
-0.173117,0.173117,nan,0.000000,0.346234,0.403518,0.062901
-0.177616,0.177616,nan,0.000000,0.355233,0.403518,0.062901
-0.207032,0.207032,nan,0.000000,0.414063,0.403518,0.062901
-0.217544,0.217544,nan,0.000000,0.435088,0.403518,0.062901
-0.236334,0.236334,nan,0.000000,0.472667,0.403518,0.062901
-0.198670,0.198670,nan,0.000000,0.397340,0.403518,0.062901
-0.226785,0.226785,nan,0.000000,0.453570,0.403518,0.062901
-0.176736,0.176736,nan,0.000000,0.353472,0.403518,0.062901
-0.140428,0.140428,nan,0.000000,0.280855,0.403518,0.062901
-0.182469,0.182469,nan,0.000000,0.364938,0.403518,0.062901
-0.201733,0.201733,nan,0.000000,0.403467,0.403518,0.062901
-0.216885,0.216885,nan,0.000000,0.433770,0.403518,0.062901
-0.190916,0.190916,nan,0.000000,0.381833,0.403518,0.062901
-0.281219,0.281219,nan,1.000000,0.562438,0.537605,0.062901
-0.248774,0.248774,nan,0.000000,0.497549,0.537605,0.062901
-0.236335,0.236335,nan,0.000000,0.472671,0.537605,0.062901
-0.269749,0.269749,nan,0.000000,0.539498,0.537605,0.062901
-0.270609,0.270609,nan,0.000000,0.541218,0.537605,0.062901
-0.315003,0.315003,nan,0.000000,0.630006,0.537605,0.062901
-0.237022,0.237022,nan,0.000000,0.474043,0.537605,0.062901
-0.237834,0.237834,nan,0.000000,0.475669,0.537605,0.062901
-0.233767,0.233767,nan,0.000000,0.467534,0.537605,0.062901
-0.249817,0.249817,nan,0.000000,0.499634,0.537605,0.062901
-0.331721,0.331721,nan,0.000000,0.663442,0.537605,0.062901
-0.246966,0.246966,nan,0.000000,0.493932,0.537605,0.062901
-0.223926,0.223926,nan,0.000000,0.447853,0.537605,0.062901
-0.269517,0.269517,nan,0.000000,0.539034,0.537605,0.062901
-0.312848,0.312848,nan,0.000000,0.625696,0.537605,0.062901
-0.224301,0.224301,nan,0.000000,0.448602,0.537605,0.062901
-0.286889,0.286889,nan,0.000000,0.573778,0.537605,0.062901
-0.283761,0.283761,nan,0.000000,0.567523,0.537605,0.062901
-0.271161,0.271161,nan,0.000000,0.542322,0.537605,0.062901
-0.273340,0.273340,nan,0.000000,0.546679,0.537605,0.062901
-0.225748,0.225748,nan,0.000000,0.451496,0.537605,0.062901
-0.280201,0.280201,nan,0.000000,0.560403,0.537605,0.062901
-0.237777,0.237777,nan,0.000000,0.475555,0.537605,0.062901
-0.223574,0.223574,nan,0.000000,0.447147,0.537605,0.062901
-0.242139,0.242139,nan,0.000000,0.484278,0.537605,0.062901
-0.258799,0.258799,nan,0.000000,0.517598,0.537605,0.062901
-0.238396,0.238396,nan,0.000000,0.476792,0.537605,0.062901
-0.227405,0.227405,nan,0.000000,0.454810,0.537605,0.062901
-0.333046,0.333046,nan,0.000000,0.666092,0.537605,0.062901
-0.267115,0.267115,nan,1.000000,0.534230,0.466320,0.062901
-0.187319,0.187319,nan,0.000000,0.374638,0.466320,0.062901
-0.234187,0.234187,nan,0.000000,0.468375,0.466320,0.062901
-0.200165,0.200165,nan,0.000000,0.400330,0.466320,0.062901
-0.202074,0.202074,nan,0.000000,0.404148,0.466320,0.062901
-0.180376,0.180376,nan,0.000000,0.360752,0.466320,0.062901
-0.272385,0.272385,nan,0.000000,0.544771,0.466320,0.062901
-0.261291,0.261291,nan,0.000000,0.522582,0.466320,0.062901
-0.262735,0.262735,nan,0.000000,0.525470,0.466320,0.062901
-0.239105,0.239105,nan,0.000000,0.478209,0.466320,0.062901
-0.245398,0.245398,nan,0.000000,0.490796,0.466320,0.062901
-0.185799,0.185799,nan,0.000000,0.371597,0.466320,0.062901
-0.240691,0.240691,nan,0.000000,0.481382,0.466320,0.062901
-0.232712,0.232712,nan,0.000000,0.465423,0.466320,0.062901
-0.227000,0.227000,nan,0.000000,0.454000,0.466320,0.062901
-0.213398,0.213398,nan,0.000000,0.426797,0.466320,0.062901
-0.205964,0.205964,nan,0.000000,0.411928,0.466320,0.062901
-0.303288,0.303288,nan,0.000000,0.606577,0.466320,0.062901
-0.188109,0.188109,nan,0.000000,0.376218,0.466320,0.062901
-0.214400,0.214400,nan,0.000000,0.428801,0.466320,0.062901
-0.308383,0.308383,nan,0.000000,0.616765,0.466320,0.062901
-0.252822,0.252822,nan,0.000000,0.505645,0.466320,0.062901
-0.247844,0.247844,nan,0.000000,0.495689,0.466320,0.062901
-0.222390,0.222390,nan,0.000000,0.444780,0.466320,0.062901
-0.221254,0.221254,nan,0.000000,0.442508,0.466320,0.062901
-0.288670,0.288670,nan,0.000000,0.577341,0.466320,0.062901
-0.174028,0.174028,nan,0.000000,0.348057,0.466320,0.062901
-0.269970,0.269970,nan,0.000000,0.539941,0.466320,0.062901
-0.309881,0.309881,nan,0.000000,0.619762,0.466320,0.062901
-0.248362,0.248362,nan,0.000000,0.496724,0.466320,0.062901
-0.247460,0.247460,nan,0.000000,0.494919,0.466320,0.062901
-0.270647,0.270647,nan,0.000000,0.541294,0.466320,0.062901
-0.245925,0.245925,nan,0.000000,0.491849,0.466320,0.062901
-0.226468,0.226468,nan,0.000000,0.452937,0.466320,0.062901
-0.279563,0.279563,nan,0.000000,0.559125,0.466320,0.062901
-0.268382,0.268382,nan,0.000000,0.536764,0.466320,0.062901
-0.213461,0.213461,nan,0.000000,0.426922,0.466320,0.062901
-0.228906,0.228906,nan,0.000000,0.457812,0.466320,0.062901
-0.270455,0.270455,nan,0.000000,0.540910,0.466320,0.062901
-0.261681,0.261681,nan,0.000000,0.523362,0.466320,0.062901
0.277548,-0.277548,nan,1.000000,-0.555097,-0.464643,0.062901
0.189352,-0.189352,nan,0.000000,-0.378705,-0.464643,0.062901
0.196874,-0.196874,nan,0.000000,-0.393749,-0.464643,0.062901
0.285426,-0.285426,nan,0.000000,-0.570851,-0.464643,0.062901
0.273314,-0.273314,nan,0.000000,-0.546628,-0.464643,0.062901
0.259403,-0.259403,nan,0.000000,-0.518805,-0.464643,0.062901
0.213622,-0.213622,nan,0.000000,-0.427243,-0.464643,0.062901
0.300606,-0.300606,nan,0.000000,-0.601212,-0.464643,0.062901
0.277199,-0.277199,nan,0.000000,-0.554398,-0.464643,0.062901
0.266207,-0.266207,nan,0.000000,-0.532414,-0.464643,0.062901
0.211370,-0.211370,nan,0.000000,-0.422740,-0.464643,0.062901
0.247324,-0.247324,nan,0.000000,-0.494648,-0.464643,0.062901
0.216382,-0.216382,nan,0.000000,-0.432764,-0.464643,0.062901
0.266357,-0.266357,nan,0.000000,-0.532713,-0.464643,0.062901
0.254785,-0.254785,nan,0.000000,-0.509570,-0.464643,0.062901
0.183750,-0.183750,nan,0.000000,-0.367499,-0.464643,0.062901
0.253340,-0.253340,nan,0.000000,-0.506681,-0.464643,0.062901
0.238324,-0.238324,nan,0.000000,-0.476649,-0.464643,0.062901
0.227724,-0.227724,nan,0.000000,-0.455447,-0.464643,0.062901
0.281168,-0.281168,nan,0.000000,-0.562336,-0.464643,0.062901
0.245438,-0.245438,nan,0.000000,-0.490875,-0.464643,0.062901
0.261242,-0.261242,nan,0.000000,-0.522483,-0.464643,0.062901
0.254443,-0.254443,nan,0.000000,-0.508885,-0.464643,0.062901
0.254727,-0.254727,nan,0.000000,-0.509455,-0.464643,0.062901
0.202279,-0.202279,nan,0.000000,-0.404557,-0.464643,0.062901
0.278971,-0.278971,nan,0.000000,-0.557942,-0.464643,0.062901
0.173296,-0.173296,nan,0.000000,-0.346592,-0.464643,0.062901
0.226266,-0.226266,nan,0.000000,-0.452531,-0.464643,0.062901
-0.271003,0.271003,nan,1.000000,0.542005,0.581637,0.062901
-0.273558,0.273558,nan,0.000000,0.547116,0.581637,0.062901
-0.351055,0.351055,nan,0.000000,0.702110,0.581637,0.062901
-0.282321,0.282321,nan,0.000000,0.564642,0.581637,0.062901
-0.288360,0.288360,nan,0.000000,0.576720,0.581637,0.062901
-0.222576,0.222576,nan,0.000000,0.445151,0.581637,0.062901
-0.331310,0.331310,nan,0.000000,0.662620,0.581637,0.062901
-0.319211,0.319211,nan,0.000000,0.638422,0.581637,0.062901
-0.317805,0.317805,nan,0.000000,0.635610,0.581637,0.062901
-0.260922,0.260922,nan,0.000000,0.521845,0.581637,0.062901
-0.330663,0.330663,nan,0.000000,0.661325,0.581637,0.062901
-0.295340,0.295340,nan,0.000000,0.590680,0.581637,0.062901
-0.313102,0.313102,nan,0.000000,0.626204,0.581637,0.062901
-0.274236,0.274236,nan,0.000000,0.548472,0.581637,0.062901
-0.250257,0.250257,nan,0.000000,0.500513,0.581637,0.062901
-0.310429,0.310429,nan,0.000000,0.620858,0.581637,0.062901
-0.310884,0.310884,nan,0.000000,0.621768,0.581637,0.062901
-0.295925,0.295925,nan,0.000000,0.591849,0.581637,0.062901
-0.283281,0.283281,nan,0.000000,0.566563,0.581637,0.062901
-0.246910,0.246910,nan,0.000000,0.493820,0.581637,0.062901
-0.311920,0.311920,nan,0.000000,0.623840,0.581637,0.062901
-0.290714,0.290714,nan,0.000000,0.581428,0.581637,0.062901
-0.285943,0.285943,nan,0.000000,0.571886,0.581637,0.062901
-0.346027,0.346027,nan,0.000000,0.692054,0.581637,0.062901
-0.289181,0.289181,nan,0.000000,0.578363,0.581637,0.062901
-0.295737,0.295737,nan,0.000000,0.591474,0.581637,0.062901
-0.297647,0.297647,nan,0.000000,0.595295,0.581637,0.062901
-0.237057,0.237057,nan,0.000000,0.474113,0.581637,0.062901
-0.267898,0.267898,nan,0.000000,0.535795,0.581637,0.062901
-0.265418,0.265418,nan,0.000000,0.530836,0.581637,0.062901
-0.327149,0.327149,nan,0.000000,0.654298,0.581637,0.062901
-0.248047,0.248047,nan,1.000000,0.496093,0.555558,0.062901
-0.270492,0.270492,nan,0.000000,0.540983,0.555558,0.062901
-0.304444,0.304444,nan,0.000000,0.608888,0.555558,0.062901
-0.291766,0.291766,nan,0.000000,0.583533,0.555558,0.062901
-0.286473,0.286473,nan,0.000000,0.572946,0.555558,0.062901
-0.297798,0.297798,nan,0.000000,0.595596,0.555558,0.062901
-0.253090,0.253090,nan,0.000000,0.506179,0.555558,0.062901
-0.303887,0.303887,nan,0.000000,0.607774,0.555558,0.062901
-0.263559,0.263559,nan,0.000000,0.527118,0.555558,0.062901
-0.351154,0.351154,nan,0.000000,0.702307,0.555558,0.062901
-0.254891,0.254891,nan,0.000000,0.509782,0.555558,0.062901
-0.282611,0.282611,nan,0.000000,0.565222,0.555558,0.062901
-0.296657,0.296657,nan,0.000000,0.593314,0.555558,0.062901
-0.307146,0.307146,nan,0.000000,0.614291,0.555558,0.062901
-0.276061,0.276061,nan,0.000000,0.552121,0.555558,0.062901
-0.256261,0.256261,nan,0.000000,0.512521,0.555558,0.062901
-0.358263,0.358263,nan,0.000000,0.716526,0.555558,0.062901
-0.231071,0.231071,nan,0.000000,0.462142,0.555558,0.062901
-0.242448,0.242448,nan,0.000000,0.484896,0.555558,0.062901
-0.253317,0.253317,nan,0.000000,0.506634,0.555558,0.062901
-0.278299,0.278299,nan,0.000000,0.556599,0.555558,0.062901
-0.296549,0.296549,nan,0.000000,0.593098,0.555558,0.062901
-0.294675,0.294675,nan,0.000000,0.589350,0.555558,0.062901
-0.227386,0.227386,nan,0.000000,0.454771,0.555558,0.062901
-0.264534,0.264534,nan,0.000000,0.529068,0.555558,0.062901
-0.257941,0.257941,nan,0.000000,0.515883,0.555558,0.062901
-0.307593,0.307593,nan,0.000000,0.615186,0.555558,0.062901
-0.308094,0.308094,nan,0.000000,0.616189,0.555558,0.062901
-0.264714,0.264714,nan,0.000000,0.529429,0.555558,0.062901
-0.225071,0.225071,nan,0.000000,0.450142,0.555558,0.062901
-0.309387,0.309387,nan,0.000000,0.618774,0.555558,0.062901
-0.230535,0.230535,nan,0.000000,0.461070,0.555558,0.062901
-0.251187,0.251187,nan,0.000000,0.502374,0.555558,0.062901
-0.254642,0.254642,nan,0.000000,0.509285,0.555558,0.062901
-0.226001,0.226001,nan,0.000000,0.452003,0.555558,0.062901
-0.211190,0.211190,nan,0.000000,0.422381,0.555558,0.062901
-0.275901,0.275901,nan,0.000000,0.551803,0.555558,0.062901
-0.222363,0.222363,nan,0.000000,0.444726,0.555558,0.062901
-0.274458,0.274458,nan,0.000000,0.548916,0.555558,0.062901
-0.299419,0.299419,nan,0.000000,0.598837,0.555558,0.062901
0.160867,-0.160867,nan,1.000000,-0.321734,-0.403518,0.062901
0.173923,-0.173923,nan,0.000000,-0.347845,-0.403518,0.062901
0.179319,-0.179319,nan,0.000000,-0.358638,-0.403518,0.062901
0.173454,-0.173454,nan,0.000000,-0.346909,-0.403518,0.062901
0.178368,-0.178368,nan,0.000000,-0.356736,-0.403518,0.062901
0.195292,-0.195292,nan,0.000000,-0.390583,-0.403518,0.062901
0.244601,-0.244601,nan,0.000000,-0.489202,-0.403518,0.062901
0.181595,-0.181595,nan,0.000000,-0.363191,-0.403518,0.062901
0.207776,-0.207776,nan,0.000000,-0.415552,-0.403518,0.062901
0.141410,-0.141410,nan,0.000000,-0.282820,-0.403518,0.062901
0.208263,-0.208263,nan,0.000000,-0.416526,-0.403518,0.062901
0.217161,-0.217161,nan,0.000000,-0.434322,-0.403518,0.062901
0.161101,-0.161101,nan,0.000000,-0.322202,-0.403518,0.062901
0.186780,-0.186780,nan,0.000000,-0.373560,-0.403518,0.062901
0.226483,-0.226483,nan,0.000000,-0.452967,-0.403518,0.062901
0.189651,-0.189651,nan,0.000000,-0.379302,-0.403518,0.062901
0.213179,-0.213179,nan,0.000000,-0.426359,-0.403518,0.062901
0.209614,-0.209614,nan,0.000000,-0.419229,-0.403518,0.062901
0.174234,-0.174234,nan,0.000000,-0.348468,-0.403518,0.062901
0.249062,-0.249062,nan,0.000000,-0.498124,-0.403518,0.062901
0.242184,-0.242184,nan,0.000000,-0.484367,-0.403518,0.062901
0.216188,-0.216188,nan,0.000000,-0.432377,-0.403518,0.062901
0.183905,-0.183905,nan,0.000000,-0.367809,-0.403518,0.062901
0.209563,-0.209563,nan,0.000000,-0.419126,-0.403518,0.062901
-0.269199,0.269199,nan,1.000000,0.538398,0.547502,0.062901
-0.309393,0.309393,nan,0.000000,0.618785,0.547502,0.062901
-0.249836,0.249836,nan,0.000000,0.499673,0.547502,0.062901
-0.319896,0.319896,nan,0.000000,0.639792,0.547502,0.062901
-0.294660,0.294660,nan,0.000000,0.589321,0.547502,0.062901
-0.297561,0.297561,nan,0.000000,0.595123,0.547502,0.062901
-0.262872,0.262872,nan,0.000000,0.525745,0.547502,0.062901
-0.241760,0.241760,nan,0.000000,0.483520,0.547502,0.062901
-0.288916,0.288916,nan,0.000000,0.577833,0.547502,0.062901
-0.303407,0.303407,nan,0.000000,0.606814,0.547502,0.062901
-0.247070,0.247070,nan,0.000000,0.494139,0.547502,0.062901
-0.323588,0.323588,nan,0.000000,0.647176,0.547502,0.062901
-0.308866,0.308866,nan,0.000000,0.617732,0.547502,0.062901
-0.265205,0.265205,nan,0.000000,0.530409,0.547502,0.062901
-0.206544,0.206544,nan,0.000000,0.413089,0.547502,0.062901
-0.248926,0.248926,nan,0.000000,0.497853,0.547502,0.062901
-0.294506,0.294506,nan,0.000000,0.589012,0.547502,0.062901
-0.291580,0.291580,nan,0.000000,0.583161,0.547502,0.062901
-0.236329,0.236329,nan,0.000000,0.472659,0.547502,0.062901
-0.291088,0.291088,nan,0.000000,0.582175,0.547502,0.062901
-0.298278,0.298278,nan,0.000000,0.596557,0.547502,0.062901
-0.284445,0.284445,nan,0.000000,0.568890,0.547502,0.062901
-0.253887,0.253887,nan,0.000000,0.507773,0.547502,0.062901
-0.222099,0.222099,nan,0.000000,0.444199,0.547502,0.062901
-0.243361,0.243361,nan,0.000000,0.486722,0.547502,0.062901
-0.251703,0.251703,nan,1.000000,0.503407,0.415609,0.062901
-0.256929,0.256929,nan,0.000000,0.513858,0.415609,0.062901
-0.235470,0.235470,nan,0.000000,0.470940,0.415609,0.062901
-0.235625,0.235625,nan,0.000000,0.471249,0.415609,0.062901
-0.208473,0.208473,nan,0.000000,0.416945,0.415609,0.062901
-0.177990,0.177990,nan,0.000000,0.355980,0.415609,0.062901
-0.260082,0.260082,nan,0.000000,0.520163,0.415609,0.062901
-0.201892,0.201892,nan,0.000000,0.403784,0.415609,0.062901
-0.143119,0.143119,nan,0.000000,0.286237,0.415609,0.062901
-0.222243,0.222243,nan,0.000000,0.444487,0.415609,0.062901
-0.180782,0.180782,nan,0.000000,0.361565,0.415609,0.062901
-0.222274,0.222274,nan,0.000000,0.444549,0.415609,0.062901
-0.172002,0.172002,nan,0.000000,0.344004,0.415609,0.062901
-0.229487,0.229487,nan,0.000000,0.458975,0.415609,0.062901
-0.190081,0.190081,nan,0.000000,0.380161,0.415609,0.062901
-0.232488,0.232488,nan,0.000000,0.464976,0.415609,0.062901
-0.286749,0.286749,nan,0.000000,0.573499,0.415609,0.062901
-0.215344,0.215344,nan,0.000000,0.430688,0.415609,0.062901
-0.196454,0.196454,nan,0.000000,0.392908,0.415609,0.062901
-0.206765,0.206765,nan,0.000000,0.413531,0.415609,0.062901
-0.180641,0.180641,nan,0.000000,0.361282,0.415609,0.062901
-0.192558,0.192558,nan,0.000000,0.385116,0.415609,0.062901
-0.184504,0.184504,nan,0.000000,0.369007,0.415609,0.062901
-0.146325,0.146325,nan,0.000000,0.292649,0.415609,0.062901
-0.219941,0.219941,nan,0.000000,0.439881,0.415609,0.062901
-0.219618,0.219618,nan,0.000000,0.439236,0.415609,0.062901
-0.241251,0.241251,nan,0.000000,0.482502,0.415609,0.062901
-0.259433,0.259433,nan,0.000000,0.518866,0.415609,0.062901
-0.239496,0.239496,nan,0.000000,0.478992,0.415609,0.062901
-0.241698,0.241698,nan,0.000000,0.483396,0.415609,0.062901
-0.147178,0.147178,nan,0.000000,0.294356,0.415609,0.062901
-0.210745,0.210745,nan,0.000000,0.421490,0.415609,0.062901
-0.196715,0.196715,nan,0.000000,0.393430,0.415609,0.062901
-0.228602,0.228602,nan,0.000000,0.457204,0.415609,0.062901
-0.328632,0.328632,nan,1.000000,0.657264,0.498827,0.062901
-0.260437,0.260437,nan,0.000000,0.520874,0.498827,0.062901
-0.237706,0.237706,nan,0.000000,0.475412,0.498827,0.062901
-0.228864,0.228864,nan,0.000000,0.457729,0.498827,0.062901
-0.318183,0.318183,nan,0.000000,0.636367,0.498827,0.062901
-0.315649,0.315649,nan,0.000000,0.631298,0.498827,0.062901
-0.162532,0.162532,nan,0.000000,0.325065,0.498827,0.062901
-0.242540,0.242540,nan,0.000000,0.485079,0.498827,0.062901
-0.301245,0.301245,nan,0.000000,0.602490,0.498827,0.062901
-0.238274,0.238274,nan,0.000000,0.476548,0.498827,0.062901
-0.229782,0.229782,nan,0.000000,0.459564,0.498827,0.062901
-0.248066,0.248066,nan,0.000000,0.496133,0.498827,0.062901
-0.267597,0.267597,nan,0.000000,0.535193,0.498827,0.062901
-0.248908,0.248908,nan,0.000000,0.497817,0.498827,0.062901
-0.242009,0.242009,nan,0.000000,0.484019,0.498827,0.062901
-0.257001,0.257001,nan,0.000000,0.514002,0.498827,0.062901
-0.268968,0.268968,nan,0.000000,0.537935,0.498827,0.062901
-0.227292,0.227292,nan,0.000000,0.454585,0.498827,0.062901
-0.249074,0.249074,nan,0.000000,0.498149,0.498827,0.062901
-0.270363,0.270363,nan,0.000000,0.540727,0.498827,0.062901
-0.257713,0.257713,nan,0.000000,0.515427,0.498827,0.062901
-0.197722,0.197722,nan,0.000000,0.395444,0.498827,0.062901
-0.196239,0.196239,nan,0.000000,0.392478,0.498827,0.062901
-0.264532,0.264532,nan,0.000000,0.529065,0.498827,0.062901
-0.207604,0.207604,nan,0.000000,0.415207,0.498827,0.062901
-0.211341,0.211341,nan,0.000000,0.422681,0.498827,0.062901
-0.229667,0.229667,nan,0.000000,0.459335,0.498827,0.062901
-0.244508,0.244508,nan,0.000000,0.489016,0.498827,0.062901
-0.212081,0.212081,nan,0.000000,0.424162,0.498827,0.062901
-0.276507,0.276507,nan,0.000000,0.553013,0.498827,0.062901
-0.242956,0.242956,nan,0.000000,0.485913,0.498827,0.062901
-0.243401,0.243401,nan,0.000000,0.486802,0.498827,0.062901
-0.206154,0.206154,nan,0.000000,0.412308,0.498827,0.062901
-0.247858,0.247858,nan,0.000000,0.495716,0.498827,0.062901
-0.242542,0.242542,nan,0.000000,0.485084,0.498827,0.062901
-0.343615,0.343615,nan,1.000000,0.687229,0.566696,0.062901
-0.303103,0.303103,nan,0.000000,0.606206,0.566696,0.062901
-0.271118,0.271118,nan,0.000000,0.542235,0.566696,0.062901
-0.253422,0.253422,nan,0.000000,0.506843,0.566696,0.062901
-0.306005,0.306005,nan,0.000000,0.612011,0.566696,0.062901
-0.263426,0.263426,nan,0.000000,0.526852,0.566696,0.062901
-0.197602,0.197602,nan,0.000000,0.395204,0.566696,0.062901
-0.291674,0.291674,nan,0.000000,0.583348,0.566696,0.062901
-0.244787,0.244787,nan,0.000000,0.489575,0.566696,0.062901
-0.324451,0.324451,nan,0.000000,0.648903,0.566696,0.062901
-0.321570,0.321570,nan,0.000000,0.643140,0.566696,0.062901
-0.271682,0.271682,nan,0.000000,0.543363,0.566696,0.062901
-0.341568,0.341568,nan,0.000000,0.683136,0.566696,0.062901
-0.353980,0.353980,nan,0.000000,0.707960,0.566696,0.062901
-0.315590,0.315590,nan,0.000000,0.631180,0.566696,0.062901
-0.252939,0.252939,nan,0.000000,0.505878,0.566696,0.062901
-0.299052,0.299052,nan,0.000000,0.598103,0.566696,0.062901
-0.229806,0.229806,nan,0.000000,0.459612,0.566696,0.062901
-0.271024,0.271024,nan,0.000000,0.542049,0.566696,0.062901
-0.290751,0.290751,nan,0.000000,0.581502,0.566696,0.062901
-0.309244,0.309244,nan,0.000000,0.618488,0.566696,0.062901
-0.248260,0.248260,nan,0.000000,0.496521,0.566696,0.062901
-0.234067,0.234067,nan,0.000000,0.468133,0.566696,0.062901
-0.293533,0.293533,nan,0.000000,0.587065,0.566696,0.062901
-0.275106,0.275106,nan,0.000000,0.550211,0.566696,0.062901
-0.304776,0.304776,nan,0.000000,0.609553,0.566696,0.062901
-0.240459,0.240459,nan,0.000000,0.480919,0.566696,0.062901
-0.289121,0.289121,nan,0.000000,0.578242,0.566696,0.062901
-0.263836,0.263836,nan,0.000000,0.527672,0.566696,0.062901
-0.269376,0.269376,nan,0.000000,0.538751,0.566696,0.062901
-0.269656,0.269656,nan,0.000000,0.539312,0.566696,0.062901
-0.339350,0.339350,nan,0.000000,0.678700,0.566696,0.062901
-0.261567,0.261567,nan,0.000000,0.523134,0.566696,0.062901
-0.264479,0.264479,nan,0.000000,0.528958,0.566696,0.062901
-0.302402,0.302402,nan,0.000000,0.604805,0.566696,0.062901
0.300753,-0.300753,nan,1.000000,-0.601507,-0.580161,0.062901
0.296930,-0.296930,nan,0.000000,-0.593860,-0.580161,0.062901
0.306220,-0.306220,nan,0.000000,-0.612440,-0.580161,0.062901
0.330678,-0.330678,nan,0.000000,-0.661356,-0.580161,0.062901
0.298169,-0.298169,nan,0.000000,-0.596338,-0.580161,0.062901
0.290093,-0.290093,nan,0.000000,-0.580186,-0.580161,0.062901
0.277254,-0.277254,nan,0.000000,-0.554508,-0.580161,0.062901
0.275849,-0.275849,nan,0.000000,-0.551698,-0.580161,0.062901
0.243203,-0.243203,nan,0.000000,-0.486407,-0.580161,0.062901
0.309279,-0.309279,nan,0.000000,-0.618558,-0.580161,0.062901
0.327493,-0.327493,nan,0.000000,-0.654986,-0.580161,0.062901
0.330902,-0.330902,nan,0.000000,-0.661804,-0.580161,0.062901
0.256799,-0.256799,nan,0.000000,-0.513598,-0.580161,0.062901
0.411857,-0.411857,nan,0.000000,-0.823713,-0.580161,0.062901
0.313013,-0.313013,nan,0.000000,-0.626025,-0.580161,0.062901
0.235699,-0.235699,nan,0.000000,-0.471399,-0.580161,0.062901
0.241349,-0.241349,nan,0.000000,-0.482699,-0.580161,0.062901
0.263067,-0.263067,nan,0.000000,-0.526135,-0.580161,0.062901
0.305539,-0.305539,nan,0.000000,-0.611078,-0.580161,0.062901
0.347494,-0.347494,nan,0.000000,-0.694988,-0.580161,0.062901
0.238339,-0.238339,nan,0.000000,-0.476679,-0.580161,0.062901
0.211000,-0.211000,nan,0.000000,-0.422001,-0.580161,0.062901
0.295773,-0.295773,nan,0.000000,-0.591545,-0.580161,0.062901
0.280113,-0.280113,nan,0.000000,-0.560226,-0.580161,0.062901
0.278318,-0.278318,nan,0.000000,-0.556635,-0.580161,0.062901
0.269318,-0.269318,nan,0.000000,-0.538637,-0.580161,0.062901
0.250006,-0.250006,nan,0.000000,-0.500011,-0.580161,0.062901
0.251427,-0.251427,nan,1.000000,-0.502854,-0.566696,0.062901
0.229333,-0.229333,nan,0.000000,-0.458667,-0.566696,0.062901
0.317681,-0.317681,nan,0.000000,-0.635361,-0.566696,0.062901
0.281325,-0.281325,nan,0.000000,-0.562650,-0.566696,0.062901
0.273387,-0.273387,nan,0.000000,-0.546774,-0.566696,0.062901
0.264896,-0.264896,nan,0.000000,-0.529791,-0.566696,0.062901
0.330200,-0.330200,nan,0.000000,-0.660399,-0.566696,0.062901
0.303866,-0.303866,nan,0.000000,-0.607731,-0.566696,0.062901
0.321369,-0.321369,nan,0.000000,-0.642737,-0.566696,0.062901
0.317073,-0.317073,nan,0.000000,-0.634146,-0.566696,0.062901
0.173766,-0.173766,nan,0.000000,-0.347533,-0.566696,0.062901
0.298665,-0.298665,nan,0.000000,-0.597330,-0.566696,0.062901
0.289678,-0.289678,nan,0.000000,-0.579357,-0.566696,0.062901
0.249729,-0.249729,nan,0.000000,-0.499458,-0.566696,0.062901
0.274825,-0.274825,nan,0.000000,-0.549650,-0.566696,0.062901
0.249174,-0.249174,nan,0.000000,-0.498349,-0.566696,0.062901
0.274051,-0.274051,nan,0.000000,-0.548102,-0.566696,0.062901
0.224487,-0.224487,nan,0.000000,-0.448974,-0.566696,0.062901
0.283122,-0.283122,nan,0.000000,-0.566243,-0.566696,0.062901
0.232745,-0.232745,nan,0.000000,-0.465490,-0.566696,0.062901
0.310291,-0.310291,nan,0.000000,-0.620581,-0.566696,0.062901
0.262941,-0.262941,nan,0.000000,-0.525882,-0.566696,0.062901
0.281934,-0.281934,nan,0.000000,-0.563868,-0.566696,0.062901
0.279873,-0.279873,nan,0.000000,-0.559746,-0.566696,0.062901
0.278071,-0.278071,nan,0.000000,-0.556141,-0.566696,0.062901
0.256572,-0.256572,nan,0.000000,-0.513144,-0.566696,0.062901
0.256059,-0.256059,nan,0.000000,-0.512117,-0.566696,0.062901
0.209284,-0.209284,nan,0.000000,-0.418569,-0.566696,0.062901
0.248592,-0.248592,nan,0.000000,-0.497185,-0.566696,0.062901
0.255344,-0.255344,nan,0.000000,-0.510687,-0.566696,0.062901
0.273480,-0.273480,nan,0.000000,-0.546959,-0.566696,0.062901
0.260751,-0.260751,nan,0.000000,-0.521502,-0.566696,0.062901
0.279606,-0.279606,nan,0.000000,-0.559213,-0.566696,0.062901
0.312907,-0.312907,nan,0.000000,-0.625814,-0.566696,0.062901
0.301742,-0.301742,nan,0.000000,-0.603484,-0.566696,0.062901
0.296267,-0.296267,nan,0.000000,-0.592533,-0.566696,0.062901
0.155762,-0.155762,nan,1.000000,-0.311523,-0.415609,0.062901
0.263420,-0.263420,nan,0.000000,-0.526839,-0.415609,0.062901
0.162412,-0.162412,nan,0.000000,-0.324823,-0.415609,0.062901
0.210709,-0.210709,nan,0.000000,-0.421418,-0.415609,0.062901
0.244699,-0.244699,nan,0.000000,-0.489398,-0.415609,0.062901
0.177947,-0.177947,nan,0.000000,-0.355894,-0.415609,0.062901
0.186754,-0.186754,nan,0.000000,-0.373508,-0.415609,0.062901
0.151069,-0.151069,nan,0.000000,-0.302139,-0.415609,0.062901
0.199623,-0.199623,nan,0.000000,-0.399245,-0.415609,0.062901
0.220632,-0.220632,nan,0.000000,-0.441264,-0.415609,0.062901
0.177540,-0.177540,nan,0.000000,-0.355080,-0.415609,0.062901
0.256815,-0.256815,nan,0.000000,-0.513629,-0.415609,0.062901
0.245844,-0.245844,nan,0.000000,-0.491688,-0.415609,0.062901
0.268553,-0.268553,nan,0.000000,-0.537105,-0.415609,0.062901
0.139714,-0.139714,nan,0.000000,-0.279427,-0.415609,0.062901
0.234083,-0.234083,nan,0.000000,-0.468166,-0.415609,0.062901
0.220496,-0.220496,nan,0.000000,-0.440992,-0.415609,0.062901
0.202587,-0.202587,nan,0.000000,-0.405174,-0.415609,0.062901
0.190067,-0.190067,nan,0.000000,-0.380134,-0.415609,0.062901
0.182667,-0.182667,nan,0.000000,-0.365335,-0.415609,0.062901
0.231732,-0.231732,nan,0.000000,-0.463463,-0.415609,0.062901
0.228066,-0.228066,nan,0.000000,-0.456132,-0.415609,0.062901
0.233115,-0.233115,nan,0.000000,-0.466229,-0.415609,0.062901
0.215411,-0.215411,nan,0.000000,-0.430822,-0.415609,0.062901
0.203844,-0.203844,nan,0.000000,-0.407689,-0.415609,0.062901
0.257264,-0.257264,nan,0.000000,-0.514528,-0.415609,0.062901
0.144962,-0.144962,nan,0.000000,-0.289924,-0.415609,0.062901
0.175800,-0.175800,nan,0.000000,-0.351599,-0.415609,0.062901
0.186859,-0.186859,nan,1.000000,-0.373719,-0.466320,0.062901
0.233758,-0.233758,nan,0.000000,-0.467516,-0.466320,0.062901
0.253080,-0.253080,nan,0.000000,-0.506160,-0.466320,0.062901
0.252568,-0.252568,nan,0.000000,-0.505136,-0.466320,0.062901
0.238026,-0.238026,nan,0.000000,-0.476051,-0.466320,0.062901
0.169905,-0.169905,nan,0.000000,-0.339811,-0.466320,0.062901
0.212859,-0.212859,nan,0.000000,-0.425718,-0.466320,0.062901
0.231745,-0.231745,nan,0.000000,-0.463490,-0.466320,0.062901
0.228201,-0.228201,nan,0.000000,-0.456401,-0.466320,0.062901
0.263885,-0.263885,nan,0.000000,-0.527770,-0.466320,0.062901
0.219862,-0.219862,nan,0.000000,-0.439725,-0.466320,0.062901
0.203044,-0.203044,nan,0.000000,-0.406089,-0.466320,0.062901
0.205495,-0.205495,nan,0.000000,-0.410989,-0.466320,0.062901
0.194590,-0.194590,nan,0.000000,-0.389179,-0.466320,0.062901
0.235889,-0.235889,nan,0.000000,-0.471778,-0.466320,0.062901
0.230324,-0.230324,nan,0.000000,-0.460648,-0.466320,0.062901
0.246075,-0.246075,nan,0.000000,-0.492149,-0.466320,0.062901
0.251034,-0.251034,nan,0.000000,-0.502067,-0.466320,0.062901
0.195748,-0.195748,nan,0.000000,-0.391496,-0.466320,0.062901
0.190707,-0.190707,nan,0.000000,-0.381413,-0.466320,0.062901
0.198178,-0.198178,nan,0.000000,-0.396356,-0.466320,0.062901
0.203858,-0.203858,nan,0.000000,-0.407716,-0.466320,0.062901
0.269054,-0.269054,nan,0.000000,-0.538107,-0.466320,0.062901
0.201114,-0.201114,nan,0.000000,-0.402228,-0.466320,0.062901
0.228421,-0.228421,nan,0.000000,-0.456841,-0.466320,0.062901
0.216307,-0.216307,nan,0.000000,-0.432614,-0.466320,0.062901
0.241518,-0.241518,nan,0.000000,-0.483037,-0.466320,0.062901
0.257647,-0.257647,nan,0.000000,-0.515293,-0.466320,0.062901
0.201078,-0.201078,nan,0.000000,-0.402156,-0.466320,0.062901
0.188281,-0.188281,nan,0.000000,-0.376562,-0.466320,0.062901
0.226014,-0.226014,nan,0.000000,-0.452028,-0.466320,0.062901
0.255016,-0.255016,nan,0.000000,-0.510032,-0.466320,0.062901
0.164145,-0.164145,nan,0.000000,-0.328290,-0.466320,0.062901
0.261618,-0.261618,nan,0.000000,-0.523236,-0.466320,0.062901
0.205017,-0.205017,nan,0.000000,-0.410034,-0.466320,0.062901
0.221931,-0.221931,nan,0.000000,-0.443862,-0.466320,0.062901
