"r_t1","r_t2","c_prob","c_prob_epoch_t0","c_prob_epoch_t1","cp","obs_cp","mu_rewards","std_rewards","condition","trial","trialset","epoch_n","ID","p_id_solution","t0_p","t1_p","epoch_trial"
0,4.128033,1,0,1,0,0,3,1,"lc",1,"29",0,790,111,0.15,0.85,1
0,2.842641,1,0,1,0,0,3,1,"lc",2,"29",0,790,111,0.15,0.85,2
0,3.316089,1,0,1,0,0,3,1,"lc",3,"29",0,790,111,0.15,0.85,3
0,2.368001,1,0,1,0,0,3,1,"lc",4,"29",0,790,111,0.15,0.85,4
0,3.778733,1,0,1,0,0,3,1,"lc",5,"29",0,790,111,0.15,0.85,5
0,3.536603,1,0,1,0,0,3,1,"lc",6,"29",0,790,111,0.15,0.85,6
0,4.242196,1,0,1,0,0,3,1,"lc",7,"29",0,790,111,0.15,0.85,7
0,2.311894,1,0,1,0,0,3,1,"lc",8,"29",0,790,111,0.15,0.85,8
3.081673,0,0.888889,0.111111,0.888889,0,1,3,1,"lc",9,"29",0,790,111,0.15,0.85,9
0,4.210734,0.9,0.1,0.9,0,1,3,1,"lc",10,"29",0,790,111,0.15,0.85,10
0,3.904122,0.909091,0.090909,0.909091,0,0,3,1,"lc",11,"29",0,790,111,0.15,0.85,11
0,2.772643,0.916667,0.083333,0.916667,0,0,3,1,"lc",12,"29",0,790,111,0.15,0.85,12
0,2.09256,0.923077,0.076923,0.923077,0,0,3,1,"lc",13,"29",0,790,111,0.15,0.85,13
0,3.675718,0.928571,0.071429,0.928571,0,0,3,1,"lc",14,"29",0,790,111,0.15,0.85,14
1.496072,0,0.866667,0.133333,0.866667,0,1,3,1,"lc",15,"29",0,790,111,0.15,0.85,15
0,2.572855,0.875,0.125,0.875,0,1,3,1,"lc",16,"29",0,790,111,0.15,0.85,16
0,1.684212,0.882353,0.117647,0.882353,0,0,3,1,"lc",17,"29",0,790,111,0.15,0.85,17
0,0.347744,0.888889,0.111111,0.888889,0,0,3,1,"lc",18,"29",0,790,111,0.15,0.85,18
0,1.418978,0.894737,0.105263,0.894737,0,0,3,1,"lc",19,"29",0,790,111,0.15,0.85,19
0,3.067191,0.9,0.1,0.9,0,0,3,1,"lc",20,"29",0,790,111,0.15,0.85,20
0,1.63058,0.904762,0.095238,0.904762,0,0,3,1,"lc",21,"29",0,790,111,0.15,0.85,21
2.750893,0,0.863636,0.136364,0.863636,0,1,3,1,"lc",22,"29",0,790,111,0.15,0.85,22
0,3.003083,0.869565,0.130435,0.869565,0,1,3,1,"lc",23,"29",0,790,111,0.15,0.85,23
3.758969,0,0.833333,0.166667,0.833333,0,1,3,1,"lc",24,"29",0,790,111,0.15,0.85,24
0,1.417848,0.84,0.16,0.84,0,1,3,1,"lc",25,"29",0,790,111,0.15,0.85,25
0,3.382896,0.807692,0,1,1,0,3,1,"lc",26,"29",1,790,112,0.85,0.15,1
2.849057,0,0.814815,0.5,0.5,0,1,3,1,"lc",27,"29",1,790,112,0.85,0.15,2
2.401722,0,0.821429,0.666667,0.333333,0,0,3,1,"lc",28,"29",1,790,112,0.85,0.15,3
3.635097,0,0.827586,0.75,0.25,0,0,3,1,"lc",29,"29",1,790,112,0.85,0.15,4
2.884855,0,0.833333,0.8,0.2,0,0,3,1,"lc",30,"29",1,790,112,0.85,0.15,5
2.48551,0,0.83871,0.833333,0.166667,0,0,3,1,"lc",31,"29",1,790,112,0.85,0.15,6
2.439511,0,0.84375,0.857143,0.142857,0,0,3,1,"lc",32,"29",1,790,112,0.85,0.15,7
3.176039,0,0.848485,0.875,0.125,0,0,3,1,"lc",33,"29",1,790,112,0.85,0.15,8
3.562408,0,0.852941,0.888889,0.111111,0,0,3,1,"lc",34,"29",1,790,112,0.85,0.15,9
0,3.704632,0.828571,0.8,0.2,0,1,3,1,"lc",35,"29",1,790,112,0.85,0.15,10
2.720839,0,0.833333,0.818182,0.181818,0,1,3,1,"lc",36,"29",1,790,112,0.85,0.15,11
3.681657,0,0.837838,0.833333,0.166667,0,0,3,1,"lc",37,"29",1,790,112,0.85,0.15,12
2.111025,0,0.842105,0.846154,0.153846,0,0,3,1,"lc",38,"29",1,790,112,0.85,0.15,13
1.789792,0,0.846154,0.857143,0.142857,0,0,3,1,"lc",39,"29",1,790,112,0.85,0.15,14
4.165899,0,0.85,0.866667,0.133333,0,0,3,1,"lc",40,"29",1,790,112,0.85,0.15,15
2.78042,0,0.853659,0.875,0.125,0,0,3,1,"lc",41,"29",1,790,112,0.85,0.15,16
3.023398,0,0.857143,0.882353,0.117647,0,0,3,1,"lc",42,"29",1,790,112,0.85,0.15,17
2.994445,0,0.860465,0.888889,0.111111,0,0,3,1,"lc",43,"29",1,790,112,0.85,0.15,18
3.792113,0,0.863636,0.894737,0.105263,0,0,3,1,"lc",44,"29",1,790,112,0.85,0.15,19
3.234688,0,0.866667,0.9,0.1,0,0,3,1,"lc",45,"29",1,790,112,0.85,0.15,20
3.256496,0,0.869565,0.904762,0.095238,0,0,3,1,"lc",46,"29",1,790,112,0.85,0.15,21
4.020307,0,0.87234,0.909091,0.090909,0,0,3,1,"lc",47,"29",1,790,112,0.85,0.15,22
0,2.377138,0.854167,0.869565,0.130435,0,1,3,1,"lc",48,"29",1,790,112,0.85,0.15,23
3.837161,0,0.857143,0.875,0.125,0,1,3,1,"lc",49,"29",1,790,112,0.85,0.15,24
3.521889,0,0.86,0.88,0.12,0,0,3,1,"lc",50,"29",1,790,112,0.85,0.15,25
3.941996,0,0.862745,0.884615,0.115385,0,0,3,1,"lc",51,"29",1,790,112,0.85,0.15,26
3.211985,0,0.865385,0.888889,0.111111,0,0,3,1,"lc",52,"29",1,790,112,0.85,0.15,27
3.882579,0,0.867925,0.892857,0.107143,0,0,3,1,"lc",53,"29",1,790,112,0.85,0.15,28
5.14684,0,0.87037,0.896552,0.103448,0,0,3,1,"lc",54,"29",1,790,112,0.85,0.15,29
2.726209,0,0.872727,0.9,0.1,0,0,3,1,"lc",55,"29",1,790,112,0.85,0.15,30
2.610323,0,0.875,0.903226,0.096774,0,0,3,1,"lc",56,"29",1,790,112,0.85,0.15,31
3.383319,0,0.877193,0.90625,0.09375,0,0,3,1,"lc",57,"29",1,790,112,0.85,0.15,32
1.586227,0,0.87931,0.909091,0.090909,0,0,3,1,"lc",58,"29",1,790,112,0.85,0.15,33
0,3.956674,0.881356,0,1,1,1,3,1,"lc",59,"29",2,790,111,0.15,0.85,1
0,3.737453,0.883333,0,1,0,0,3,1,"lc",60,"29",2,790,111,0.15,0.85,2
0,3.495859,0.885246,0,1,0,0,3,1,"lc",61,"29",2,790,111,0.15,0.85,3
0,4.16027,0.887097,0,1,0,0,3,1,"lc",62,"29",2,790,111,0.15,0.85,4
0,4.195927,0.888889,0,1,0,0,3,1,"lc",63,"29",2,790,111,0.15,0.85,5
0,2.400613,0.890625,0,1,0,0,3,1,"lc",64,"29",2,790,111,0.15,0.85,6
0,4.528843,0.892308,0,1,0,0,3,1,"lc",65,"29",2,790,111,0.15,0.85,7
0,2.82309,0.893939,0,1,0,0,3,1,"lc",66,"29",2,790,111,0.15,0.85,8
0,2.373917,0.895522,0,1,0,0,3,1,"lc",67,"29",2,790,111,0.15,0.85,9
0,3.09599,0.897059,0,1,0,0,3,1,"lc",68,"29",2,790,111,0.15,0.85,10
0,3.263129,0.898551,0,1,0,0,3,1,"lc",69,"29",2,790,111,0.15,0.85,11
0,2.925704,0.9,0,1,0,0,3,1,"lc",70,"29",2,790,111,0.15,0.85,12
0,3.102195,0.901408,0,1,0,0,3,1,"lc",71,"29",2,790,111,0.15,0.85,13
0,3.105416,0.902778,0,1,0,0,3,1,"lc",72,"29",2,790,111,0.15,0.85,14
2.476213,0,0.890411,0.066667,0.933333,0,1,3,1,"lc",73,"29",2,790,111,0.15,0.85,15
0,3.021168,0.891892,0.0625,0.9375,0,1,3,1,"lc",74,"29",2,790,111,0.15,0.85,16
3.471136,0,0.88,0.117647,0.882353,0,1,3,1,"lc",75,"29",2,790,111,0.15,0.85,17
0,3.892141,0.881579,0.111111,0.888889,0,1,3,1,"lc",76,"29",2,790,111,0.15,0.85,18
0,2.931339,0.883117,0.105263,0.894737,0,0,3,1,"lc",77,"29",2,790,111,0.15,0.85,19
0,3.342462,0.884615,0.1,0.9,0,0,3,1,"lc",78,"29",2,790,111,0.15,0.85,20
0,2.052717,0.886076,0.095238,0.904762,0,0,3,1,"lc",79,"29",2,790,111,0.15,0.85,21
0,4.148137,0.8875,0.090909,0.909091,0,0,3,1,"lc",80,"29",2,790,111,0.15,0.85,22
2.918695,0,0.888889,1,0,1,1,3,1,"lc",81,"29",3,790,112,0.85,0.15,1
3.331234,0,0.890244,1,0,0,0,3,1,"lc",82,"29",3,790,112,0.85,0.15,2
1.630004,0,0.891566,1,0,0,0,3,1,"lc",83,"29",3,790,112,0.85,0.15,3
0,3.378511,0.880952,0.75,0.25,0,1,3,1,"lc",84,"29",3,790,112,0.85,0.15,4
1.914716,0,0.882353,0.8,0.2,0,1,3,1,"lc",85,"29",3,790,112,0.85,0.15,5
0.822053,0,0.883721,0.833333,0.166667,0,0,3,1,"lc",86,"29",3,790,112,0.85,0.15,6
3.611128,0,0.885057,0.857143,0.142857,0,0,3,1,"lc",87,"29",3,790,112,0.85,0.15,7
1.8897,0,0.886364,0.875,0.125,0,0,3,1,"lc",88,"29",3,790,112,0.85,0.15,8
0,5.682112,0.876404,0.777778,0.222222,0,1,3,1,"lc",89,"29",3,790,112,0.85,0.15,9
3.790695,0,0.877778,0.8,0.2,0,1,3,1,"lc",90,"29",3,790,112,0.85,0.15,10
1.998772,0,0.879121,0.818182,0.181818,0,0,3,1,"lc",91,"29",3,790,112,0.85,0.15,11
2.410168,0,0.880435,0.833333,0.166667,0,0,3,1,"lc",92,"29",3,790,112,0.85,0.15,12
3.67414,0,0.88172,0.846154,0.153846,0,0,3,1,"lc",93,"29",3,790,112,0.85,0.15,13
3.076596,0,0.882979,0.857143,0.142857,0,0,3,1,"lc",94,"29",3,790,112,0.85,0.15,14
2.670673,0,0.884211,0.866667,0.133333,0,0,3,1,"lc",95,"29",3,790,112,0.85,0.15,15
2.892767,0,0.885417,0.875,0.125,0,0,3,1,"lc",96,"29",3,790,112,0.85,0.15,16
2.447458,0,0.886598,0.882353,0.117647,0,0,3,1,"lc",97,"29",3,790,112,0.85,0.15,17
1.668366,0,0.887755,0.888889,0.111111,0,0,3,1,"lc",98,"29",3,790,112,0.85,0.15,18
3.459235,0,0.888889,0.894737,0.105263,0,0,3,1,"lc",99,"29",3,790,112,0.85,0.15,19
3.118731,0,0.89,0.9,0.1,0,0,3,1,"lc",100,"29",3,790,112,0.85,0.15,20
2.346226,0,0.891089,0.904762,0.095238,0,0,3,1,"lc",101,"29",3,790,112,0.85,0.15,21
1.571158,0,0.892157,0.909091,0.090909,0,0,3,1,"lc",102,"29",3,790,112,0.85,0.15,22
2.21087,0,0.893204,0.913043,0.086957,0,0,3,1,"lc",103,"29",3,790,112,0.85,0.15,23
3.117381,0,0.894231,0.916667,0.083333,0,0,3,1,"lc",104,"29",3,790,112,0.85,0.15,24
2.400174,0,0.895238,0.92,0.08,0,0,3,1,"lc",105,"29",3,790,112,0.85,0.15,25
1.635682,0,0.896226,0.923077,0.076923,0,0,3,1,"lc",106,"29",3,790,112,0.85,0.15,26
2.623882,0,0.897196,0.925926,0.074074,0,0,3,1,"lc",107,"29",3,790,112,0.85,0.15,27
2.539801,0,0.898148,0.928571,0.071429,0,0,3,1,"lc",108,"29",3,790,112,0.85,0.15,28
3.577099,0,0.899083,0.931034,0.068966,0,0,3,1,"lc",109,"29",3,790,112,0.85,0.15,29
1.502826,0,0.9,0.933333,0.066667,0,0,3,1,"lc",110,"29",3,790,112,0.85,0.15,30
2.69572,0,0.900901,0.935484,0.064516,0,0,3,1,"lc",111,"29",3,790,112,0.85,0.15,31
2.991631,0,0.901786,0.9375,0.0625,0,0,3,1,"lc",112,"29",3,790,112,0.85,0.15,32
0,4.704392,0.893805,0.909091,0.090909,0,1,3,1,"lc",113,"29",3,790,112,0.85,0.15,33
2.312963,0,0.894737,0.911765,0.088235,0,1,3,1,"lc",114,"29",3,790,112,0.85,0.15,34
3.016228,0,0.895652,0.914286,0.085714,0,0,3,1,"lc",115,"29",3,790,112,0.85,0.15,35
0,4.14125,0.887931,0.888889,0.111111,0,1,3,1,"lc",116,"29",3,790,112,0.85,0.15,36
3.133824,0,0.888889,0.891892,0.108108,0,1,3,1,"lc",117,"29",3,790,112,0.85,0.15,37
0,3.118767,0.889831,0,1,1,1,3,1,"lc",118,"29",4,790,111,0.15,0.85,1
0,2.335293,0.890756,0,1,0,0,3,1,"lc",119,"29",4,790,111,0.15,0.85,2
0,4.038481,0.891667,0,1,0,0,3,1,"lc",120,"29",4,790,111,0.15,0.85,3
0,3.828561,0.892562,0,1,0,0,3,1,"lc",121,"29",4,790,111,0.15,0.85,4
0,3.041923,0.893443,0,1,0,0,3,1,"lc",122,"29",4,790,111,0.15,0.85,5
0,3.358565,0.894309,0,1,0,0,3,1,"lc",123,"29",4,790,111,0.15,0.85,6
0,4.971123,0.895161,0,1,0,0,3,1,"lc",124,"29",4,790,111,0.15,0.85,7
0,4.159102,0.896,0,1,0,0,3,1,"lc",125,"29",4,790,111,0.15,0.85,8
0,4.958348,0.896825,0,1,0,0,3,1,"lc",126,"29",4,790,111,0.15,0.85,9
0,2.213827,0.897638,0,1,0,0,3,1,"lc",127,"29",4,790,111,0.15,0.85,10
0,4.287707,0.898438,0,1,0,0,3,1,"lc",128,"29",4,790,111,0.15,0.85,11
0,3.425843,0.899225,0,1,0,0,3,1,"lc",129,"29",4,790,111,0.15,0.85,12
0,2.445136,0.9,0,1,0,0,3,1,"lc",130,"29",4,790,111,0.15,0.85,13
3.590268,0,0.89313,0.071429,0.928571,0,1,3,1,"lc",131,"29",4,790,111,0.15,0.85,14
2.205624,0,0.886364,0.133333,0.866667,0,0,3,1,"lc",132,"29",4,790,111,0.15,0.85,15
0,2.974937,0.887218,0.125,0.875,0,1,3,1,"lc",133,"29",4,790,111,0.15,0.85,16
0,3.10588,0.88806,0.117647,0.882353,0,0,3,1,"lc",134,"29",4,790,111,0.15,0.85,17
3.354927,0,0.881481,0.166667,0.833333,0,1,3,1,"lc",135,"29",4,790,111,0.15,0.85,18
0,2.149249,0.882353,0.157895,0.842105,0,1,3,1,"lc",136,"29",4,790,111,0.15,0.85,19
0,4.589704,0.883212,0.15,0.85,0,0,3,1,"lc",137,"29",4,790,111,0.15,0.85,20
0,5.979737,0.884058,0.142857,0.857143,0,0,3,1,"lc",138,"29",4,790,111,0.15,0.85,21
3.919839,0,0.877698,0.181818,0.818182,0,1,3,1,"lc",139,"29",4,790,111,0.15,0.85,22
0,3.26083,0.878571,0.173913,0.826087,0,1,3,1,"lc",140,"29",4,790,111,0.15,0.85,23
0,2.695861,0.879433,0.166667,0.833333,0,0,3,1,"lc",141,"29",4,790,111,0.15,0.85,24
0,4.276375,0.880282,0.16,0.84,0,0,3,1,"lc",142,"29",4,790,111,0.15,0.85,25
3.20571,0,0.874126,0.192308,0.807692,0,1,3,1,"lc",143,"29",4,790,111,0.15,0.85,26
0,2.136724,0.875,0.185185,0.814815,0,1,3,1,"lc",144,"29",4,790,111,0.15,0.85,27
2.078817,0,0.868966,0.214286,0.785714,0,1,3,1,"lc",145,"29",4,790,111,0.15,0.85,28
0,3.948595,0.869863,0.206897,0.793103,0,1,3,1,"lc",146,"29",4,790,111,0.15,0.85,29
0,4.188462,0.870748,0.2,0.8,0,0,3,1,"lc",147,"29",4,790,111,0.15,0.85,30
0,3.855454,0.871622,0.193548,0.806452,0,0,3,1,"lc",148,"29",4,790,111,0.15,0.85,31
0,1.406081,0.872483,0.1875,0.8125,0,0,3,1,"lc",149,"29",4,790,111,0.15,0.85,32
4.39472,0,0.866667,0.212121,0.787879,0,1,3,1,"lc",150,"29",4,790,111,0.15,0.85,33
0,2.739587,0.86755,0.205882,0.794118,0,1,3,1,"lc",151,"29",4,790,111,0.15,0.85,34
5.306304,0,0.861842,0.228571,0.771429,0,1,3,1,"lc",152,"29",4,790,111,0.15,0.85,35
0,4.380635,0.862745,0.222222,0.777778,0,1,3,1,"lc",153,"29",4,790,111,0.15,0.85,36
0,3.865844,0.863636,0.216216,0.783784,0,0,3,1,"lc",154,"29",4,790,111,0.15,0.85,37
1.587212,0,0.864516,1,0,1,1,3,1,"lc",155,"29",5,790,112,0.85,0.15,1
4.037637,0,0.865385,1,0,0,0,3,1,"lc",156,"29",5,790,112,0.85,0.15,2
0,2.454836,0.859873,0.666667,0.333333,0,1,3,1,"lc",157,"29",5,790,112,0.85,0.15,3
3.66665,0,0.860759,0.75,0.25,0,1,3,1,"lc",158,"29",5,790,112,0.85,0.15,4
4.025812,0,0.861635,0.8,0.2,0,0,3,1,"lc",159,"29",5,790,112,0.85,0.15,5
3.747952,0,0.8625,0.833333,0.166667,0,0,3,1,"lc",160,"29",5,790,112,0.85,0.15,6
2.770226,0,0.863354,0.857143,0.142857,0,0,3,1,"lc",161,"29",5,790,112,0.85,0.15,7
3.848022,0,0.864198,0.875,0.125,0,0,3,1,"lc",162,"29",5,790,112,0.85,0.15,8
3.345366,0,0.865031,0.888889,0.111111,0,0,3,1,"lc",163,"29",5,790,112,0.85,0.15,9
3.005459,0,0.865854,0.9,0.1,0,0,3,1,"lc",164,"29",5,790,112,0.85,0.15,10
1.945336,0,0.866667,0.909091,0.090909,0,0,3,1,"lc",165,"29",5,790,112,0.85,0.15,11
2.887621,0,0.86747,0.916667,0.083333,0,0,3,1,"lc",166,"29",5,790,112,0.85,0.15,12
0,3.099124,0.862275,0.846154,0.153846,0,1,3,1,"lc",167,"29",5,790,112,0.85,0.15,13
3.212726,0,0.863095,0.857143,0.142857,0,1,3,1,"lc",168,"29",5,790,112,0.85,0.15,14
3.255194,0,0.863905,0.866667,0.133333,0,0,3,1,"lc",169,"29",5,790,112,0.85,0.15,15
0,3.778523,0.858824,0.8125,0.1875,0,1,3,1,"lc",170,"29",5,790,112,0.85,0.15,16
4.820282,0,0.859649,0.823529,0.176471,0,1,3,1,"lc",171,"29",5,790,112,0.85,0.15,17
2.386527,0,0.860465,0.833333,0.166667,0,0,3,1,"lc",172,"29",5,790,112,0.85,0.15,18
2.779448,0,0.861272,0.842105,0.157895,0,0,3,1,"lc",173,"29",5,790,112,0.85,0.15,19
3.764034,0,0.862069,0.85,0.15,0,0,3,1,"lc",174,"29",5,790,112,0.85,0.15,20
3.765608,0,0.862857,0.857143,0.142857,0,0,3,1,"lc",175,"29",5,790,112,0.85,0.15,21
3.834035,0,0.863636,0.863636,0.136364,0,0,3,1,"lc",176,"29",5,790,112,0.85,0.15,22
4.308463,0,0.864407,0.869565,0.130435,0,0,3,1,"lc",177,"29",5,790,112,0.85,0.15,23
3.409719,0,0.865169,0.875,0.125,0,0,3,1,"lc",178,"29",5,790,112,0.85,0.15,24
1.516489,0,0.865922,0.88,0.12,0,0,3,1,"lc",179,"29",5,790,112,0.85,0.15,25
0,2.896925,0.866667,0,1,1,1,3,1,"lc",180,"29",6,790,111,0.15,0.85,1
0,5.256971,0.867403,0,1,0,0,3,1,"lc",181,"29",6,790,111,0.15,0.85,2
0,2.847503,0.868132,0,1,0,0,3,1,"lc",182,"29",6,790,111,0.15,0.85,3
3.448099,0,0.863388,0.25,0.75,0,1,3,1,"lc",183,"29",6,790,111,0.15,0.85,4
0,4.812477,0.86413,0.2,0.8,0,1,3,1,"lc",184,"29",6,790,111,0.15,0.85,5
0,5.105866,0.864865,0.166667,0.833333,0,0,3,1,"lc",185,"29",6,790,111,0.15,0.85,6
0,3.390092,0.865591,0.142857,0.857143,0,0,3,1,"lc",186,"29",6,790,111,0.15,0.85,7
4.597622,0,0.860963,0.25,0.75,0,1,3,1,"lc",187,"29",6,790,111,0.15,0.85,8
0,3.821477,0.861702,0.222222,0.777778,0,1,3,1,"lc",188,"29",6,790,111,0.15,0.85,9
3.071827,0,0.857143,0.3,0.7,0,1,3,1,"lc",189,"29",6,790,111,0.15,0.85,10
0,2.067567,0.857895,0.272727,0.727273,0,1,3,1,"lc",190,"29",6,790,111,0.15,0.85,11
0,2.509693,0.858639,0.25,0.75,0,0,3,1,"lc",191,"29",6,790,111,0.15,0.85,12
0,3.51582,0.859375,0.230769,0.769231,0,0,3,1,"lc",192,"29",6,790,111,0.15,0.85,13
3.942533,0,0.854922,0.285714,0.714286,0,1,3,1,"lc",193,"29",6,790,111,0.15,0.85,14
0,4.166506,0.85567,0.266667,0.733333,0,1,3,1,"lc",194,"29",6,790,111,0.15,0.85,15
0,1.976984,0.85641,0.25,0.75,0,0,3,1,"lc",195,"29",6,790,111,0.15,0.85,16
0,4.200099,0.857143,0.235294,0.764706,0,0,3,1,"lc",196,"29",6,790,111,0.15,0.85,17
2.483326,0,0.852792,0.277778,0.722222,0,1,3,1,"lc",197,"29",6,790,111,0.15,0.85,18
0,2.543862,0.853535,0.263158,0.736842,0,1,3,1,"lc",198,"29",6,790,111,0.15,0.85,19
0,3.116241,0.854271,0.25,0.75,0,0,3,1,"lc",199,"29",6,790,111,0.15,0.85,20
3.058299,0,0.855,1,0,1,1,3,1,"lc",200,"29",7,790,112,0.85,0.15,1
4.949851,0,0.855721,1,0,0,0,3,1,"lc",201,"29",7,790,112,0.85,0.15,2
2.567958,0,0.856436,1,0,0,0,3,1,"lc",202,"29",7,790,112,0.85,0.15,3
5.274189,0,0.857143,1,0,0,0,3,1,"lc",203,"29",7,790,112,0.85,0.15,4
0,2.942369,0.852941,0.8,0.2,0,1,3,1,"lc",204,"29",7,790,112,0.85,0.15,5
4.781394,0,0.853659,0.833333,0.166667,0,1,3,1,"lc",205,"29",7,790,112,0.85,0.15,6
3.041685,0,0.854369,0.857143,0.142857,0,0,3,1,"lc",206,"29",7,790,112,0.85,0.15,7
4.57987,0,0.855072,0.875,0.125,0,0,3,1,"lc",207,"29",7,790,112,0.85,0.15,8
4.390687,0,0.855769,0.888889,0.111111,0,0,3,1,"lc",208,"29",7,790,112,0.85,0.15,9
0,3.92982,0.851675,0.8,0.2,0,1,3,1,"lc",209,"29",7,790,112,0.85,0.15,10
3.760369,0,0.852381,0.818182,0.181818,0,1,3,1,"lc",210,"29",7,790,112,0.85,0.15,11
3.372856,0,0.853081,0.833333,0.166667,0,0,3,1,"lc",211,"29",7,790,112,0.85,0.15,12
2.366652,0,0.853774,0.846154,0.153846,0,0,3,1,"lc",212,"29",7,790,112,0.85,0.15,13
2.427594,0,0.85446,0.857143,0.142857,0,0,3,1,"lc",213,"29",7,790,112,0.85,0.15,14
2.312766,0,0.85514,0.866667,0.133333,0,0,3,1,"lc",214,"29",7,790,112,0.85,0.15,15
0,2.993631,0.851163,0.8125,0.1875,0,1,3,1,"lc",215,"29",7,790,112,0.85,0.15,16
3.988512,0,0.851852,0.823529,0.176471,0,1,3,1,"lc",216,"29",7,790,112,0.85,0.15,17
2.689365,0,0.852535,0.833333,0.166667,0,0,3,1,"lc",217,"29",7,790,112,0.85,0.15,18
0,1.424124,0.848624,0.789474,0.210526,0,1,3,1,"lc",218,"29",7,790,112,0.85,0.15,19
1.367605,0,0.849315,0.8,0.2,0,1,3,1,"lc",219,"29",7,790,112,0.85,0.15,20
2.433279,0,0.85,0.809524,0.190476,0,0,3,1,"lc",220,"29",7,790,112,0.85,0.15,21
0,3.409107,0.846154,0.772727,0.227273,0,1,3,1,"lc",221,"29",7,790,112,0.85,0.15,22
2.632385,0,0.846847,0.782609,0.217391,0,1,3,1,"lc",222,"29",7,790,112,0.85,0.15,23
4.074292,0,0.847534,0.791667,0.208333,0,0,3,1,"lc",223,"29",7,790,112,0.85,0.15,24
2.102034,0,0.848214,0.8,0.2,0,0,3,1,"lc",224,"29",7,790,112,0.85,0.15,25
3.352925,0,0.848889,0.807692,0.192308,0,0,3,1,"lc",225,"29",7,790,112,0.85,0.15,26
3.384861,0,0.849558,0.814815,0.185185,0,0,3,1,"lc",226,"29",7,790,112,0.85,0.15,27
0,2.259186,0.845815,0.785714,0.214286,0,1,3,1,"lc",227,"29",7,790,112,0.85,0.15,28
3.480368,0,0.846491,0.793103,0.206897,0,1,3,1,"lc",228,"29",7,790,112,0.85,0.15,29
3.150538,0,0.847162,0.8,0.2,0,0,3,1,"lc",229,"29",7,790,112,0.85,0.15,30
3.149999,0,0.847826,0.806452,0.193548,0,0,3,1,"lc",230,"29",7,790,112,0.85,0.15,31
0,3.514871,0.848485,0,1,1,1,3,1,"lc",231,"29",8,790,111,0.15,0.85,1
0,4.055173,0.849138,0,1,0,0,3,1,"lc",232,"29",8,790,111,0.15,0.85,2
0,2.791748,0.849785,0,1,0,0,3,1,"lc",233,"29",8,790,111,0.15,0.85,3
0,3.911203,0.850427,0,1,0,0,3,1,"lc",234,"29",8,790,111,0.15,0.85,4
0,1.227019,0.851064,0,1,0,0,3,1,"lc",235,"29",8,790,111,0.15,0.85,5
0,4.060158,0.851695,0,1,0,0,3,1,"lc",236,"29",8,790,111,0.15,0.85,6
0,2.046437,0.852321,0,1,0,0,3,1,"lc",237,"29",8,790,111,0.15,0.85,7
0,2.187677,0.852941,0,1,0,0,3,1,"lc",238,"29",8,790,111,0.15,0.85,8
4.063553,0,0.849372,0.111111,0.888889,0,1,3,1,"lc",239,"29",8,790,111,0.15,0.85,9
0,3.387667,0.85,0.1,0.9,0,1,3,1,"lc",240,"29",8,790,111,0.15,0.85,10
0,2.738218,0.850622,0.090909,0.909091,0,0,3,1,"lc",241,"29",8,790,111,0.15,0.85,11
0,2.008852,0.85124,0.083333,0.916667,0,0,3,1,"lc",242,"29",8,790,111,0.15,0.85,12
0,-0.722789,0.851852,0.076923,0.923077,0,0,3,1,"lc",243,"29",8,790,111,0.15,0.85,13
0,3.295702,0.852459,0.071429,0.928571,0,0,3,1,"lc",244,"29",8,790,111,0.15,0.85,14
0,2.849546,0.853061,0.066667,0.933333,0,0,3,1,"lc",245,"29",8,790,111,0.15,0.85,15
0,2.320361,0.853659,0.0625,0.9375,0,0,3,1,"lc",246,"29",8,790,111,0.15,0.85,16
0,3.62931,0.854251,0.058824,0.941176,0,0,3,1,"lc",247,"29",8,790,111,0.15,0.85,17
0,4.802873,0.854839,0.055556,0.944444,0,0,3,1,"lc",248,"29",8,790,111,0.15,0.85,18
0,3.234726,0.855422,0.052632,0.947368,0,0,3,1,"lc",249,"29",8,790,111,0.15,0.85,19
0,4.830121,0.856,0.05,0.95,0,0,3,1,"lc",250,"29",8,790,111,0.15,0.85,20
0,2.656801,0.856574,0.047619,0.952381,0,0,3,1,"lc",251,"29",8,790,111,0.15,0.85,21
2.608402,0,0.853175,0.090909,0.909091,0,1,3,1,"lc",252,"29",8,790,111,0.15,0.85,22
0,2.873784,0.853755,0.086957,0.913043,0,1,3,1,"lc",253,"29",8,790,111,0.15,0.85,23
0,3.258126,0.854331,0.083333,0.916667,0,0,3,1,"lc",254,"29",8,790,111,0.15,0.85,24
0,2.630109,0.854902,0.08,0.92,0,0,3,1,"lc",255,"29",8,790,111,0.15,0.85,25
0,2.595263,0.855469,0.076923,0.923077,0,0,3,1,"lc",256,"29",8,790,111,0.15,0.85,26
0,3.337578,0.856031,0.074074,0.925926,0,0,3,1,"lc",257,"29",8,790,111,0.15,0.85,27
3.255168,0,0.852713,0.107143,0.892857,0,1,3,1,"lc",258,"29",8,790,111,0.15,0.85,28
0,3.054731,0.853282,0.103448,0.896552,0,1,3,1,"lc",259,"29",8,790,111,0.15,0.85,29
3.661676,0,0.853846,1,0,1,1,3,1,"lc",260,"29",9,790,112,0.85,0.15,1
2.902744,0,0.854406,1,0,0,0,3,1,"lc",261,"29",9,790,112,0.85,0.15,2
1.351733,0,0.854962,1,0,0,0,3,1,"lc",262,"29",9,790,112,0.85,0.15,3
3.843614,0,0.855513,1,0,0,0,3,1,"lc",263,"29",9,790,112,0.85,0.15,4
4.03046,0,0.856061,1,0,0,0,3,1,"lc",264,"29",9,790,112,0.85,0.15,5
2.524857,0,0.856604,1,0,0,0,3,1,"lc",265,"29",9,790,112,0.85,0.15,6
3.045892,0,0.857143,1,0,0,0,3,1,"lc",266,"29",9,790,112,0.85,0.15,7
2.904983,0,0.857678,1,0,0,0,3,1,"lc",267,"29",9,790,112,0.85,0.15,8
1.685349,0,0.858209,1,0,0,0,3,1,"lc",268,"29",9,790,112,0.85,0.15,9
0,3.574738,0.855019,0.9,0.1,0,1,3,1,"lc",269,"29",9,790,112,0.85,0.15,10
2.914917,0,0.855556,0.909091,0.090909,0,1,3,1,"lc",270,"29",9,790,112,0.85,0.15,11
2.358663,0,0.856089,0.916667,0.083333,0,0,3,1,"lc",271,"29",9,790,112,0.85,0.15,12
4.125421,0,0.856618,0.923077,0.076923,0,0,3,1,"lc",272,"29",9,790,112,0.85,0.15,13
2.96445,0,0.857143,0.928571,0.071429,0,0,3,1,"lc",273,"29",9,790,112,0.85,0.15,14
3.546034,0,0.857664,0.933333,0.066667,0,0,3,1,"lc",274,"29",9,790,112,0.85,0.15,15
0,3.605001,0.854545,0.875,0.125,0,1,3,1,"lc",275,"29",9,790,112,0.85,0.15,16
4.290155,0,0.855072,0.882353,0.117647,0,1,3,1,"lc",276,"29",9,790,112,0.85,0.15,17
2.753163,0,0.855596,0.888889,0.111111,0,0,3,1,"lc",277,"29",9,790,112,0.85,0.15,18
4.891961,0,0.856115,0.894737,0.105263,0,0,3,1,"lc",278,"29",9,790,112,0.85,0.15,19
0,4.02293,0.853047,0.85,0.15,0,1,3,1,"lc",279,"29",9,790,112,0.85,0.15,20
2.236839,0,0.853571,0.857143,0.142857,0,1,3,1,"lc",280,"29",9,790,112,0.85,0.15,21
2.752391,0,0.854093,0.863636,0.136364,0,0,3,1,"lc",281,"29",9,790,112,0.85,0.15,22
4.84648,0,0.85461,0.869565,0.130435,0,0,3,1,"lc",282,"29",9,790,112,0.85,0.15,23
3.769088,0,0.855124,0.875,0.125,0,0,3,1,"lc",283,"29",9,790,112,0.85,0.15,24
2.463494,0,0.852113,1,0,1,0,3,1,"lc",284,"29",10,790,111,0.15,0.85,1
0,3.41889,0.852632,0.5,0.5,0,1,3,1,"lc",285,"29",10,790,111,0.15,0.85,2
0,3.607674,0.853147,0.333333,0.666667,0,0,3,1,"lc",286,"29",10,790,111,0.15,0.85,3
0,4.074372,0.853659,0.25,0.75,0,0,3,1,"lc",287,"29",10,790,111,0.15,0.85,4
0,2.293872,0.854167,0.2,0.8,0,0,3,1,"lc",288,"29",10,790,111,0.15,0.85,5
0,3.935711,0.854671,0.166667,0.833333,0,0,3,1,"lc",289,"29",10,790,111,0.15,0.85,6
0,3.070691,0.855172,0.142857,0.857143,0,0,3,1,"lc",290,"29",10,790,111,0.15,0.85,7
0,4.347766,0.85567,0.125,0.875,0,0,3,1,"lc",291,"29",10,790,111,0.15,0.85,8
0,4.429337,0.856164,0.111111,0.888889,0,0,3,1,"lc",292,"29",10,790,111,0.15,0.85,9
0,2.427217,0.856655,0.1,0.9,0,0,3,1,"lc",293,"29",10,790,111,0.15,0.85,10
0,1.361396,0.857143,0.090909,0.909091,0,0,3,1,"lc",294,"29",10,790,111,0.15,0.85,11
0,3.05204,0.857627,0.083333,0.916667,0,0,3,1,"lc",295,"29",10,790,111,0.15,0.85,12
0,3.220815,0.858108,0.076923,0.923077,0,0,3,1,"lc",296,"29",10,790,111,0.15,0.85,13
0,3.047218,0.858586,0.071429,0.928571,0,0,3,1,"lc",297,"29",10,790,111,0.15,0.85,14
0,2.703372,0.85906,0.066667,0.933333,0,0,3,1,"lc",298,"29",10,790,111,0.15,0.85,15
0,1.640252,0.859532,0.0625,0.9375,0,0,3,1,"lc",299,"29",10,790,111,0.15,0.85,16
0,2.787354,0.86,0.058824,0.941176,0,0,3,1,"lc",300,"29",10,790,111,0.15,0.85,17
4.846385,0,0.864516,1,0,1,1,3,1,"lc",301,"29",11,790,112,0.85,0.15,1
3.036671,0,0.864952,1,0,0,0,3,1,"lc",302,"29",11,790,112,0.85,0.15,2
2.928609,0,0.865385,1,0,0,0,3,1,"lc",303,"29",11,790,112,0.85,0.15,3
1.183909,0,0.865815,1,0,0,0,3,1,"lc",304,"29",11,790,112,0.85,0.15,4
2.025522,0,0.866242,1,0,0,0,3,1,"lc",305,"29",11,790,112,0.85,0.15,5
1.808111,0,0.866667,1,0,0,0,3,1,"lc",306,"29",11,790,112,0.85,0.15,6
0.829576,0,0.867089,1,0,0,0,3,1,"lc",307,"29",11,790,112,0.85,0.15,7
1.676041,0,0.867508,1,0,0,0,3,1,"lc",308,"29",11,790,112,0.85,0.15,8
2.983697,0,0.867925,1,0,0,0,3,1,"lc",309,"29",11,790,112,0.85,0.15,9
0,4.103751,0.865204,0.9,0.1,0,1,3,1,"lc",310,"29",11,790,112,0.85,0.15,10
3.94965,0,0.865625,0.909091,0.090909,0,1,3,1,"lc",311,"29",11,790,112,0.85,0.15,11
2.557842,0,0.866044,0.916667,0.083333,0,0,3,1,"lc",312,"29",11,790,112,0.85,0.15,12
2.425529,0,0.86646,0.923077,0.076923,0,0,3,1,"lc",313,"29",11,790,112,0.85,0.15,13
2.874499,0,0.866873,0.928571,0.071429,0,0,3,1,"lc",314,"29",11,790,112,0.85,0.15,14
2.173342,0,0.867284,0.933333,0.066667,0,0,3,1,"lc",315,"29",11,790,112,0.85,0.15,15
3.98835,0,0.867692,0.9375,0.0625,0,0,3,1,"lc",316,"29",11,790,112,0.85,0.15,16
1.912099,0,0.868098,0.941176,0.058824,0,0,3,1,"lc",317,"29",11,790,112,0.85,0.15,17
3.355852,0,0.868502,0.944444,0.055556,0,0,3,1,"lc",318,"29",11,790,112,0.85,0.15,18
3.588104,0,0.868902,0.947368,0.052632,0,0,3,1,"lc",319,"29",11,790,112,0.85,0.15,19
2.244258,0,0.869301,0.95,0.05,0,0,3,1,"lc",320,"29",11,790,112,0.85,0.15,20
3.098008,0,0.869697,0.952381,0.047619,0,0,3,1,"lc",321,"29",11,790,112,0.85,0.15,21
2.864288,0,0.870091,0.954545,0.045455,0,0,3,1,"lc",322,"29",11,790,112,0.85,0.15,22
2.707822,0,0.870482,0.956522,0.043478,0,0,3,1,"lc",323,"29",11,790,112,0.85,0.15,23
1.340406,0,0.870871,0.958333,0.041667,0,0,3,1,"lc",324,"29",11,790,112,0.85,0.15,24
2.434006,0,0.871257,0.96,0.04,0,0,3,1,"lc",325,"29",11,790,112,0.85,0.15,25
0,2.326521,0.871642,0,1,1,1,3,1,"lc",326,"29",12,790,111,0.15,0.85,1
3.174963,0,0.869048,0.5,0.5,0,1,3,1,"lc",327,"29",12,790,111,0.15,0.85,2
0,4.281378,0.869436,0.333333,0.666667,0,1,3,1,"lc",328,"29",12,790,111,0.15,0.85,3
0,-0.404281,0.869822,0.25,0.75,0,0,3,1,"lc",329,"29",12,790,111,0.15,0.85,4
0,3.584467,0.870206,0.2,0.8,0,0,3,1,"lc",330,"29",12,790,111,0.15,0.85,5
0,3.203959,0.870588,0.166667,0.833333,0,0,3,1,"lc",331,"29",12,790,111,0.15,0.85,6
0,2.718759,0.870968,0.142857,0.857143,0,0,3,1,"lc",332,"29",12,790,111,0.15,0.85,7
0,2.320633,0.871345,0.125,0.875,0,0,3,1,"lc",333,"29",12,790,111,0.15,0.85,8
0,4.183884,0.87172,0.111111,0.888889,0,0,3,1,"lc",334,"29",12,790,111,0.15,0.85,9
0,2.122132,0.872093,0.1,0.9,0,0,3,1,"lc",335,"29",12,790,111,0.15,0.85,10
0,2.495789,0.872464,0.090909,0.909091,0,0,3,1,"lc",336,"29",12,790,111,0.15,0.85,11
0,2.753652,0.872832,0.083333,0.916667,0,0,3,1,"lc",337,"29",12,790,111,0.15,0.85,12
0,1.746051,0.873199,0.076923,0.923077,0,0,3,1,"lc",338,"29",12,790,111,0.15,0.85,13
0,3.894287,0.873563,0.071429,0.928571,0,0,3,1,"lc",339,"29",12,790,111,0.15,0.85,14
0,3.298026,0.873926,0.066667,0.933333,0,0,3,1,"lc",340,"29",12,790,111,0.15,0.85,15
0,2.935247,0.874286,0.0625,0.9375,0,0,3,1,"lc",341,"29",12,790,111,0.15,0.85,16
0,3.889449,0.874644,0.058824,0.941176,0,0,3,1,"lc",342,"29",12,790,111,0.15,0.85,17
0,3.181451,0.875,0.055556,0.944444,0,0,3,1,"lc",343,"29",12,790,111,0.15,0.85,18
0,5.060523,0.875354,0.052632,0.947368,0,0,3,1,"lc",344,"29",12,790,111,0.15,0.85,19
0,2.460606,0.875706,0.05,0.95,0,0,3,1,"lc",345,"29",12,790,111,0.15,0.85,20
2.512718,0,0.876056,1,0,1,1,3,1,"lc",346,"29",13,790,112,0.85,0.15,1
2.824016,0,0.876404,1,0,0,0,3,1,"lc",347,"29",13,790,112,0.85,0.15,2
0,1.495171,0.87395,0.666667,0.333333,0,1,3,1,"lc",348,"29",13,790,112,0.85,0.15,3
4.143022,0,0.874302,0.75,0.25,0,1,3,1,"lc",349,"29",13,790,112,0.85,0.15,4
2.340017,0,0.874652,0.8,0.2,0,0,3,1,"lc",350,"29",13,790,112,0.85,0.15,5
3.428064,0,0.875,0.833333,0.166667,0,0,3,1,"lc",351,"29",13,790,112,0.85,0.15,6
2.381855,0,0.875346,0.857143,0.142857,0,0,3,1,"lc",352,"29",13,790,112,0.85,0.15,7
2.715572,0,0.875691,0.875,0.125,0,0,3,1,"lc",353,"29",13,790,112,0.85,0.15,8
0,2.900329,0.873278,0.777778,0.222222,0,1,3,1,"lc",354,"29",13,790,112,0.85,0.15,9
2.444414,0,0.873626,0.8,0.2,0,1,3,1,"lc",355,"29",13,790,112,0.85,0.15,10
2.314822,0,0.873973,0.818182,0.181818,0,0,3,1,"lc",356,"29",13,790,112,0.85,0.15,11
2.599327,0,0.874317,0.833333,0.166667,0,0,3,1,"lc",357,"29",13,790,112,0.85,0.15,12
0,3.053326,0.871935,0.769231,0.230769,0,1,3,1,"lc",358,"29",13,790,112,0.85,0.15,13
5.256557,0,0.872283,0.785714,0.214286,0,1,3,1,"lc",359,"29",13,790,112,0.85,0.15,14
2.525938,0,0.872629,0.8,0.2,0,0,3,1,"lc",360,"29",13,790,112,0.85,0.15,15
0,2.154106,0.87027,0.75,0.25,0,1,3,1,"lc",361,"29",13,790,112,0.85,0.15,16
4.642126,0,0.87062,0.764706,0.235294,0,1,3,1,"lc",362,"29",13,790,112,0.85,0.15,17
3.509432,0,0.870968,0.777778,0.222222,0,0,3,1,"lc",363,"29",13,790,112,0.85,0.15,18
3.398742,0,0.871314,0.789474,0.210526,0,0,3,1,"lc",364,"29",13,790,112,0.85,0.15,19
1.775567,0,0.871658,0.8,0.2,0,0,3,1,"lc",365,"29",13,790,112,0.85,0.15,20
0,1.727119,0.869333,0.761905,0.238095,0,1,3,1,"lc",366,"29",13,790,112,0.85,0.15,21
4.227093,0,0.869681,0.772727,0.227273,0,1,3,1,"lc",367,"29",13,790,112,0.85,0.15,22
3.161714,0,0.870027,0.782609,0.217391,0,0,3,1,"lc",368,"29",13,790,112,0.85,0.15,23
2.526764,0,0.87037,0.791667,0.208333,0,0,3,1,"lc",369,"29",13,790,112,0.85,0.15,24
2.489404,0,0.868074,1,0,1,0,3,1,"lc",370,"29",14,790,111,0.15,0.85,1
3.959141,0,0.865789,1,0,0,0,3,1,"lc",371,"29",14,790,111,0.15,0.85,2
0,3.634357,0.866142,0.666667,0.333333,0,1,3,1,"lc",372,"29",14,790,111,0.15,0.85,3
0,2.506271,0.866492,0.5,0.5,0,0,3,1,"lc",373,"29",14,790,111,0.15,0.85,4
0,2.220752,0.866841,0.4,0.6,0,0,3,1,"lc",374,"29",14,790,111,0.15,0.85,5
0,3.292263,0.867188,0.333333,0.666667,0,0,3,1,"lc",375,"29",14,790,111,0.15,0.85,6
3.330902,0,0.864935,0.428571,0.571429,0,1,3,1,"lc",376,"29",14,790,111,0.15,0.85,7
0,3.410502,0.865285,0.375,0.625,0,1,3,1,"lc",377,"29",14,790,111,0.15,0.85,8
0,1.726632,0.865633,0.333333,0.666667,0,0,3,1,"lc",378,"29",14,790,111,0.15,0.85,9
0,3.397753,0.865979,0.3,0.7,0,0,3,1,"lc",379,"29",14,790,111,0.15,0.85,10
0,3.212191,0.866324,0.272727,0.727273,0,0,3,1,"lc",380,"29",14,790,111,0.15,0.85,11
0,1.012312,0.866667,0.25,0.75,0,0,3,1,"lc",381,"29",14,790,111,0.15,0.85,12
0,2.476506,0.867008,0.230769,0.769231,0,0,3,1,"lc",382,"29",14,790,111,0.15,0.85,13
0,3.527388,0.867347,0.214286,0.785714,0,0,3,1,"lc",383,"29",14,790,111,0.15,0.85,14
2.913215,0,0.86514,0.266667,0.733333,0,1,3,1,"lc",384,"29",14,790,111,0.15,0.85,15
2.226813,0,0.862944,0.3125,0.6875,0,0,3,1,"lc",385,"29",14,790,111,0.15,0.85,16
0,4.100851,0.863291,0.294118,0.705882,0,1,3,1,"lc",386,"29",14,790,111,0.15,0.85,17
0,1.519786,0.863636,0.277778,0.722222,0,0,3,1,"lc",387,"29",14,790,111,0.15,0.85,18
0,1.966302,0.86398,0.263158,0.736842,0,0,3,1,"lc",388,"29",14,790,111,0.15,0.85,19
0,2.573317,0.864322,0.25,0.75,0,0,3,1,"lc",389,"29",14,790,111,0.15,0.85,20
0,3.957834,0.864662,0.238095,0.761905,0,0,3,1,"lc",390,"29",14,790,111,0.15,0.85,21
0,2.027528,0.865,0.227273,0.772727,0,0,3,1,"lc",391,"29",14,790,111,0.15,0.85,22
0,2.809873,0.865337,0.217391,0.782609,0,0,3,1,"lc",392,"29",14,790,111,0.15,0.85,23
0,2.006832,0.865672,0.208333,0.791667,0,0,3,1,"lc",393,"29",14,790,111,0.15,0.85,24
0,3.337171,0.866005,0.2,0.8,0,0,3,1,"lc",394,"29",14,790,111,0.15,0.85,25
0,4.418861,0.866337,0.192308,0.807692,0,0,3,1,"lc",395,"29",14,790,111,0.15,0.85,26
0,1.633656,0.866667,0.185185,0.814815,0,0,3,1,"lc",396,"29",14,790,111,0.15,0.85,27
3.35897,0,0.864532,0.214286,0.785714,0,1,3,1,"lc",397,"29",14,790,111,0.15,0.85,28
0,4.435385,0.864865,0.206897,0.793103,0,1,3,1,"lc",398,"29",14,790,111,0.15,0.85,29
0,2.845252,0.865196,0.2,0.8,0,0,3,1,"lc",399,"29",14,790,111,0.15,0.85,30
0,2.191344,0.865526,0.193548,0.806452,0,0,3,1,"lc",400,"29",14,790,111,0.15,0.85,31
3.248878,0,0.863415,0.21875,0.78125,0,1,3,1,"lc",401,"29",14,790,111,0.15,0.85,32
0,2.688609,0.861314,0,1,1,1,3,1,"lc",402,"29",15,790,112,0.85,0.15,1
0,3.317307,0.859223,0,1,0,0,3,1,"lc",403,"29",15,790,112,0.85,0.15,2
2.284506,0,0.859564,0.333333,0.666667,0,1,3,1,"lc",404,"29",15,790,112,0.85,0.15,3
3.517684,0,0.859903,0.5,0.5,0,0,3,1,"lc",405,"29",15,790,112,0.85,0.15,4
1.633329,0,0.860241,0.6,0.4,0,0,3,1,"lc",406,"29",15,790,112,0.85,0.15,5
2.69517,0,0.860577,0.666667,0.333333,0,0,3,1,"lc",407,"29",15,790,112,0.85,0.15,6
2.16248,0,0.860911,0.714286,0.285714,0,0,3,1,"lc",408,"29",15,790,112,0.85,0.15,7
4.332687,0,0.861244,0.75,0.25,0,0,3,1,"lc",409,"29",15,790,112,0.85,0.15,8
2.428142,0,0.861575,0.777778,0.222222,0,0,3,1,"lc",410,"29",15,790,112,0.85,0.15,9
2.258443,0,0.861905,0.8,0.2,0,0,3,1,"lc",411,"29",15,790,112,0.85,0.15,10
3.324772,0,0.862233,0.818182,0.181818,0,0,3,1,"lc",412,"29",15,790,112,0.85,0.15,11
3.043821,0,0.862559,0.833333,0.166667,0,0,3,1,"lc",413,"29",15,790,112,0.85,0.15,12
1.452593,0,0.862884,0.846154,0.153846,0,0,3,1,"lc",414,"29",15,790,112,0.85,0.15,13
2.952965,0,0.863208,0.857143,0.142857,0,0,3,1,"lc",415,"29",15,790,112,0.85,0.15,14
1.648318,0,0.863529,0.866667,0.133333,0,0,3,1,"lc",416,"29",15,790,112,0.85,0.15,15
1.090526,0,0.86385,0.875,0.125,0,0,3,1,"lc",417,"29",15,790,112,0.85,0.15,16
3.218059,0,0.864169,0.882353,0.117647,0,0,3,1,"lc",418,"29",15,790,112,0.85,0.15,17
4.12178,0,0.864486,0.888889,0.111111,0,0,3,1,"lc",419,"29",15,790,112,0.85,0.15,18
2.815351,0,0.864802,0.894737,0.105263,0,0,3,1,"lc",420,"29",15,790,112,0.85,0.15,19
3.527969,0,0.865116,0.9,0.1,0,0,3,1,"lc",421,"29",15,790,112,0.85,0.15,20
4.964808,0,0.865429,0.904762,0.095238,0,0,3,1,"lc",422,"29",15,790,112,0.85,0.15,21
0.934463,0,0.865741,0.909091,0.090909,0,0,3,1,"lc",423,"29",15,790,112,0.85,0.15,22
1.843154,0,0.866051,0.913043,0.086957,0,0,3,1,"lc",424,"29",15,790,112,0.85,0.15,23
0,1.278153,0.864055,0.875,0.125,0,1,3,1,"lc",425,"29",15,790,112,0.85,0.15,24
2.599857,0,0.864368,0.88,0.12,0,1,3,1,"lc",426,"29",15,790,112,0.85,0.15,25
4.715366,0,0.864679,0.884615,0.115385,0,0,3,1,"lc",427,"29",15,790,112,0.85,0.15,26
0,4.010959,0.8627,0.851852,0.148148,0,1,3,1,"lc",428,"29",15,790,112,0.85,0.15,27
0,2.098832,0.863014,0,1,1,0,3,1,"lc",429,"29",16,790,111,0.15,0.85,1
0,2.710049,0.863326,0,1,0,0,3,1,"lc",430,"29",16,790,111,0.15,0.85,2
1.197041,0,0.861364,0.333333,0.666667,0,1,3,1,"lc",431,"29",16,790,111,0.15,0.85,3
0,0.568358,0.861678,0.25,0.75,0,1,3,1,"lc",432,"29",16,790,111,0.15,0.85,4
0,3.018822,0.861991,0.2,0.8,0,0,3,1,"lc",433,"29",16,790,111,0.15,0.85,5
0,2.998303,0.862302,0.166667,0.833333,0,0,3,1,"lc",434,"29",16,790,111,0.15,0.85,6
1.618824,0,0.86036,0.285714,0.714286,0,1,3,1,"lc",435,"29",16,790,111,0.15,0.85,7
0,2.20513,0.860674,0.25,0.75,0,1,3,1,"lc",436,"29",16,790,111,0.15,0.85,8
1.099662,0,0.858744,0.333333,0.666667,0,1,3,1,"lc",437,"29",16,790,111,0.15,0.85,9
3.902699,0,0.856823,0.4,0.6,0,0,3,1,"lc",438,"29",16,790,111,0.15,0.85,10
4.035484,0,0.854911,0.454545,0.545455,0,0,3,1,"lc",439,"29",16,790,111,0.15,0.85,11
0,3.024536,0.855234,0.416667,0.583333,0,1,3,1,"lc",440,"29",16,790,111,0.15,0.85,12
0,0.139228,0.855556,0.384615,0.615385,0,0,3,1,"lc",441,"29",16,790,111,0.15,0.85,13
0,2.486191,0.855876,0.357143,0.642857,0,0,3,1,"lc",442,"29",16,790,111,0.15,0.85,14
3.97901,0,0.853982,0.4,0.6,0,1,3,1,"lc",443,"29",16,790,111,0.15,0.85,15
0,3.035389,0.854305,0.375,0.625,0,1,3,1,"lc",444,"29",16,790,111,0.15,0.85,16
0,4.519877,0.854626,0.352941,0.647059,0,0,3,1,"lc",445,"29",16,790,111,0.15,0.85,17
0,3.92738,0.854945,0.333333,0.666667,0,0,3,1,"lc",446,"29",16,790,111,0.15,0.85,18
0,2.041226,0.855263,0.315789,0.684211,0,0,3,1,"lc",447,"29",16,790,111,0.15,0.85,19
0,2.6206,0.85558,0.3,0.7,0,0,3,1,"lc",448,"29",16,790,111,0.15,0.85,20
0,1.499023,0.855895,0.285714,0.714286,0,0,3,1,"lc",449,"29",16,790,111,0.15,0.85,21
0,4.874828,0.856209,0.272727,0.727273,0,0,3,1,"lc",450,"29",16,790,111,0.15,0.85,22
0,5.247985,0.856522,0.26087,0.73913,0,0,3,1,"lc",451,"29",16,790,111,0.15,0.85,23
0,2.824875,0.856833,0.25,0.75,0,0,3,1,"lc",452,"29",16,790,111,0.15,0.85,24
0,5.567544,0.857143,0.24,0.76,0,0,3,1,"lc",453,"29",16,790,111,0.15,0.85,25
5.495299,0,0.855292,0.269231,0.730769,0,1,3,1,"lc",454,"29",16,790,111,0.15,0.85,26
0,0.920006,0.855603,0.259259,0.740741,0,1,3,1,"lc",455,"29",16,790,111,0.15,0.85,27
0,2.407376,0.855914,0.25,0.75,0,0,3,1,"lc",456,"29",16,790,111,0.15,0.85,28
0,2.084498,0.856223,0.241379,0.758621,0,0,3,1,"lc",457,"29",16,790,111,0.15,0.85,29
0,1.881156,0.856531,0.233333,0.766667,0,0,3,1,"lc",458,"29",16,790,111,0.15,0.85,30
0,2.807105,0.856838,0.225806,0.774194,0,0,3,1,"lc",459,"29",16,790,111,0.15,0.85,31
2.667392,0,0.855011,0.25,0.75,0,1,3,1,"lc",460,"29",16,790,111,0.15,0.85,32
2.602156,0,0.855319,1,0,1,0,3,1,"lc",461,"29",17,790,112,0.85,0.15,1
0.889186,0,0.855626,1,0,0,0,3,1,"lc",462,"29",17,790,112,0.85,0.15,2
0,2.834737,0.853814,0.666667,0.333333,0,1,3,1,"lc",463,"29",17,790,112,0.85,0.15,3
2.271962,0,0.854123,0.75,0.25,0,1,3,1,"lc",464,"29",17,790,112,0.85,0.15,4
3.203305,0,0.85443,0.8,0.2,0,0,3,1,"lc",465,"29",17,790,112,0.85,0.15,5
0,1.621451,0.852632,0.666667,0.333333,0,1,3,1,"lc",466,"29",17,790,112,0.85,0.15,6
3.19765,0,0.852941,0.714286,0.285714,0,1,3,1,"lc",467,"29",17,790,112,0.85,0.15,7
3.693425,0,0.853249,0.75,0.25,0,0,3,1,"lc",468,"29",17,790,112,0.85,0.15,8
4.132504,0,0.853556,0.777778,0.222222,0,0,3,1,"lc",469,"29",17,790,112,0.85,0.15,9
3.607878,0,0.853862,0.8,0.2,0,0,3,1,"lc",470,"29",17,790,112,0.85,0.15,10
2.097459,0,0.854167,0.818182,0.181818,0,0,3,1,"lc",471,"29",17,790,112,0.85,0.15,11
2.771307,0,0.85447,0.833333,0.166667,0,0,3,1,"lc",472,"29",17,790,112,0.85,0.15,12
3.213619,0,0.854772,0.846154,0.153846,0,0,3,1,"lc",473,"29",17,790,112,0.85,0.15,13
4.417004,0,0.855072,0.857143,0.142857,0,0,3,1,"lc",474,"29",17,790,112,0.85,0.15,14
0,3.856405,0.853306,0.8,0.2,0,1,3,1,"lc",475,"29",17,790,112,0.85,0.15,15
2.945356,0,0.853608,0.8125,0.1875,0,1,3,1,"lc",476,"29",17,790,112,0.85,0.15,16
2.580222,0,0.853909,0.823529,0.176471,0,0,3,1,"lc",477,"29",17,790,112,0.85,0.15,17
3.506442,0,0.854209,0.833333,0.166667,0,0,3,1,"lc",478,"29",17,790,112,0.85,0.15,18
3.843467,0,0.854508,0.842105,0.157895,0,0,3,1,"lc",479,"29",17,790,112,0.85,0.15,19
3.76321,0,0.854806,0.85,0.15,0,0,3,1,"lc",480,"29",17,790,112,0.85,0.15,20
2.36162,0,0.855102,0.857143,0.142857,0,0,3,1,"lc",481,"29",17,790,112,0.85,0.15,21
3.269853,0,0.855397,0.863636,0.136364,0,0,3,1,"lc",482,"29",17,790,112,0.85,0.15,22
2.569034,0,0.855691,0.869565,0.130435,0,0,3,1,"lc",483,"29",17,790,112,0.85,0.15,23
2.023023,0,0.855984,0.875,0.125,0,0,3,1,"lc",484,"29",17,790,112,0.85,0.15,24
5.179632,0,0.856275,0.88,0.12,0,0,3,1,"lc",485,"29",17,790,112,0.85,0.15,25
0,2.401679,0.854545,0.846154,0.153846,0,1,3,1,"lc",486,"29",17,790,112,0.85,0.15,26
5.207167,0,0.854839,0.851852,0.148148,0,1,3,1,"lc",487,"29",17,790,112,0.85,0.15,27
0,1.947372,0.855131,0,1,1,1,3,1,"lc",488,"29",18,790,111,0.15,0.85,1
0,2.761746,0.855422,0,1,0,0,3,1,"lc",489,"29",18,790,111,0.15,0.85,2
0,2.874698,0.855711,0,1,0,0,3,1,"lc",490,"29",18,790,111,0.15,0.85,3
0,3.826314,0.856,0,1,0,0,3,1,"lc",491,"29",18,790,111,0.15,0.85,4
0,3.977981,0.856287,0,1,0,0,3,1,"lc",492,"29",18,790,111,0.15,0.85,5
0,3.503207,0.856574,0,1,0,0,3,1,"lc",493,"29",18,790,111,0.15,0.85,6
0,2.921641,0.856859,0,1,0,0,3,1,"lc",494,"29",18,790,111,0.15,0.85,7
0,3.92043,0.857143,0,1,0,0,3,1,"lc",495,"29",18,790,111,0.15,0.85,8
0,2.505357,0.857426,0,1,0,0,3,1,"lc",496,"29",18,790,111,0.15,0.85,9
0,1.418437,0.857708,0,1,0,0,3,1,"lc",497,"29",18,790,111,0.15,0.85,10
0,2.47815,0.857988,0,1,0,0,3,1,"lc",498,"29",18,790,111,0.15,0.85,11
4.255169,0,0.856299,0.083333,0.916667,0,1,3,1,"lc",499,"29",18,790,111,0.15,0.85,12
3.362742,0,0.854617,0.153846,0.846154,0,0,3,1,"lc",500,"29",18,790,111,0.15,0.85,13
0,2.006526,0.854902,0.142857,0.857143,0,1,3,1,"lc",501,"29",18,790,111,0.15,0.85,14
0,1.351193,0.855186,0.133333,0.866667,0,0,3,1,"lc",502,"29",18,790,111,0.15,0.85,15
0.065596,0,0.853516,0.1875,0.8125,0,1,3,1,"lc",503,"29",18,790,111,0.15,0.85,16
0,2.413556,0.853801,0.176471,0.823529,0,1,3,1,"lc",504,"29",18,790,111,0.15,0.85,17
2.147025,0,0.85214,0.222222,0.777778,0,1,3,1,"lc",505,"29",18,790,111,0.15,0.85,18
0,2.973128,0.852427,0.210526,0.789474,0,1,3,1,"lc",506,"29",18,790,111,0.15,0.85,19
0,4.323536,0.852713,0.2,0.8,0,0,3,1,"lc",507,"29",18,790,111,0.15,0.85,20
0,1.075164,0.852998,0.190476,0.809524,0,0,3,1,"lc",508,"29",18,790,111,0.15,0.85,21
0,3.695808,0.853282,0.181818,0.818182,0,0,3,1,"lc",509,"29",18,790,111,0.15,0.85,22
0,5.465412,0.853565,0.173913,0.826087,0,0,3,1,"lc",510,"29",18,790,111,0.15,0.85,23
0,3.353341,0.853846,0.166667,0.833333,0,0,3,1,"lc",511,"29",18,790,111,0.15,0.85,24
0,1.356615,0.854127,0.16,0.84,0,0,3,1,"lc",512,"29",18,790,111,0.15,0.85,25
0,2.744034,0.854406,0.153846,0.846154,0,0,3,1,"lc",513,"29",18,790,111,0.15,0.85,26
3.668218,0,0.854685,1,0,1,1,3,1,"lc",514,"29",19,790,112,0.85,0.15,1
2.344939,0,0.854962,1,0,0,0,3,1,"lc",515,"29",19,790,112,0.85,0.15,2
1.690823,0,0.855238,1,0,0,0,3,1,"lc",516,"29",19,790,112,0.85,0.15,3
1.659895,0,0.855513,1,0,0,0,3,1,"lc",517,"29",19,790,112,0.85,0.15,4
1.548988,0,0.855787,1,0,0,0,3,1,"lc",518,"29",19,790,112,0.85,0.15,5
0.829759,0,0.856061,1,0,0,0,3,1,"lc",519,"29",19,790,112,0.85,0.15,6
1.698433,0,0.856333,1,0,0,0,3,1,"lc",520,"29",19,790,112,0.85,0.15,7
3.879203,0,0.856604,1,0,0,0,3,1,"lc",521,"29",19,790,112,0.85,0.15,8
2.102653,0,0.856874,1,0,0,0,3,1,"lc",522,"29",19,790,112,0.85,0.15,9
3.260765,0,0.857143,1,0,0,0,3,1,"lc",523,"29",19,790,112,0.85,0.15,10
4.387764,0,0.857411,1,0,0,0,3,1,"lc",524,"29",19,790,112,0.85,0.15,11
4.156506,0,0.857678,1,0,0,0,3,1,"lc",525,"29",19,790,112,0.85,0.15,12
0,1.587113,0.856075,0.923077,0.076923,0,1,3,1,"lc",526,"29",19,790,112,0.85,0.15,13
2.440627,0,0.856343,0.928571,0.071429,0,1,3,1,"lc",527,"29",19,790,112,0.85,0.15,14
3.972052,0,0.856611,0.933333,0.066667,0,0,3,1,"lc",528,"29",19,790,112,0.85,0.15,15
3.310679,0,0.856877,0.9375,0.0625,0,0,3,1,"lc",529,"29",19,790,112,0.85,0.15,16
3.762813,0,0.857143,0.941176,0.058824,0,0,3,1,"lc",530,"29",19,790,112,0.85,0.15,17
3.354695,0,0.857407,0.944444,0.055556,0,0,3,1,"lc",531,"29",19,790,112,0.85,0.15,18
3.745155,0,0.857671,0.947368,0.052632,0,0,3,1,"lc",532,"29",19,790,112,0.85,0.15,19
0,0.938097,0.856089,0.9,0.1,0,1,3,1,"lc",533,"29",19,790,112,0.85,0.15,20
3.580622,0,0.856354,0.904762,0.095238,0,1,3,1,"lc",534,"29",19,790,112,0.85,0.15,21
2.754975,0,0.856618,0.909091,0.090909,0,0,3,1,"lc",535,"29",19,790,112,0.85,0.15,22
2.37867,0,0.856881,0.913043,0.086957,0,0,3,1,"lc",536,"29",19,790,112,0.85,0.15,23
0,1.724666,0.855311,0.875,0.125,0,1,3,1,"lc",537,"29",19,790,112,0.85,0.15,24
1.642588,0,0.855576,0.88,0.12,0,1,3,1,"lc",538,"29",19,790,112,0.85,0.15,25
2.999292,0,0.855839,0.884615,0.115385,0,0,3,1,"lc",539,"29",19,790,112,0.85,0.15,26
3.610528,0,0.856102,0.888889,0.111111,0,0,3,1,"lc",540,"29",19,790,112,0.85,0.15,27
3.367227,0,0.856364,0.892857,0.107143,0,0,3,1,"lc",541,"29",19,790,112,0.85,0.15,28
2.528278,0,0.856624,0.896552,0.103448,0,0,3,1,"lc",542,"29",19,790,112,0.85,0.15,29
4.751638,0,0.856884,0.9,0.1,0,0,3,1,"lc",543,"29",19,790,112,0.85,0.15,30
0.470114,0,0.857143,0.903226,0.096774,0,0,3,1,"lc",544,"29",19,790,112,0.85,0.15,31
1.915292,0,0.857401,0.90625,0.09375,0,0,3,1,"lc",545,"29",19,790,112,0.85,0.15,32
0,3.941353,0.857658,0,1,1,1,3,1,"lc",546,"29",20,790,111,0.15,0.85,1
2.496581,0,0.856115,0.5,0.5,0,1,3,1,"lc",547,"29",20,790,111,0.15,0.85,2
0.720214,0,0.854578,0.666667,0.333333,0,0,3,1,"lc",548,"29",20,790,111,0.15,0.85,3
0,4.123307,0.854839,0.5,0.5,0,1,3,1,"lc",549,"29",20,790,111,0.15,0.85,4
0,5.011788,0.855098,0.4,0.6,0,0,3,1,"lc",550,"29",20,790,111,0.15,0.85,5
0,1.86134,0.855357,0.333333,0.666667,0,0,3,1,"lc",551,"29",20,790,111,0.15,0.85,6
2.966726,0,0.853832,0.428571,0.571429,0,1,3,1,"lc",552,"29",20,790,111,0.15,0.85,7
0,3.295744,0.854093,0.375,0.625,0,1,3,1,"lc",553,"29",20,790,111,0.15,0.85,8
0,4.116887,0.854352,0.333333,0.666667,0,0,3,1,"lc",554,"29",20,790,111,0.15,0.85,9
2.670711,0,0.852837,0.4,0.6,0,1,3,1,"lc",555,"29",20,790,111,0.15,0.85,10
0,4.199772,0.853097,0.363636,0.636364,0,1,3,1,"lc",556,"29",20,790,111,0.15,0.85,11
0,2.924191,0.853357,0.333333,0.666667,0,0,3,1,"lc",557,"29",20,790,111,0.15,0.85,12
0,2.89887,0.853616,0.307692,0.692308,0,0,3,1,"lc",558,"29",20,790,111,0.15,0.85,13
0,1.355094,0.853873,0.285714,0.714286,0,0,3,1,"lc",559,"29",20,790,111,0.15,0.85,14
0,2.992492,0.85413,0.266667,0.733333,0,0,3,1,"lc",560,"29",20,790,111,0.15,0.85,15
0,1.295169,0.854386,0.25,0.75,0,0,3,1,"lc",561,"29",20,790,111,0.15,0.85,16
0,3.257629,0.854641,0.235294,0.764706,0,0,3,1,"lc",562,"29",20,790,111,0.15,0.85,17
0,4.251133,0.854895,0.222222,0.777778,0,0,3,1,"lc",563,"29",20,790,111,0.15,0.85,18
2.328667,0,0.853403,0.263158,0.736842,0,1,3,1,"lc",564,"29",20,790,111,0.15,0.85,19
1.962387,0,0.851916,0.3,0.7,0,0,3,1,"lc",565,"29",20,790,111,0.15,0.85,20
0,1.594277,0.852174,0.285714,0.714286,0,1,3,1,"lc",566,"29",20,790,111,0.15,0.85,21
0,3.847555,0.852431,0.272727,0.727273,0,0,3,1,"lc",567,"29",20,790,111,0.15,0.85,22
0,2.324584,0.852686,0.26087,0.73913,0,0,3,1,"lc",568,"29",20,790,111,0.15,0.85,23
0,2.676982,0.852941,0.25,0.75,0,0,3,1,"lc",569,"29",20,790,111,0.15,0.85,24
0,2.958894,0.853195,0.24,0.76,0,0,3,1,"lc",570,"29",20,790,111,0.15,0.85,25
0,2.050189,0.853448,0.230769,0.769231,0,0,3,1,"lc",571,"29",20,790,111,0.15,0.85,26
2.628808,0,0.853701,1,0,1,1,3,1,"lc",572,"29",21,790,112,0.85,0.15,1
2.633098,0,0.853952,1,0,0,0,3,1,"lc",573,"29",21,790,112,0.85,0.15,2
1.86506,0,0.854202,1,0,0,0,3,1,"lc",574,"29",21,790,112,0.85,0.15,3
3.303672,0,0.854452,1,0,0,0,3,1,"lc",575,"29",21,790,112,0.85,0.15,4
3.156302,0,0.854701,1,0,0,0,3,1,"lc",576,"29",21,790,112,0.85,0.15,5
2.564213,0,0.854949,1,0,0,0,3,1,"lc",577,"29",21,790,112,0.85,0.15,6
4.310296,0,0.855196,1,0,0,0,3,1,"lc",578,"29",21,790,112,0.85,0.15,7
3.334635,0,0.855442,1,0,0,0,3,1,"lc",579,"29",21,790,112,0.85,0.15,8
2.677205,0,0.855688,1,0,0,0,3,1,"lc",580,"29",21,790,112,0.85,0.15,9
0,3.097422,0.854237,0.9,0.1,0,1,3,1,"lc",581,"29",21,790,112,0.85,0.15,10
3.166862,0,0.854484,0.909091,0.090909,0,1,3,1,"lc",582,"29",21,790,112,0.85,0.15,11
3.705337,0,0.85473,0.916667,0.083333,0,0,3,1,"lc",583,"29",21,790,112,0.85,0.15,12
2.623486,0,0.854975,0.923077,0.076923,0,0,3,1,"lc",584,"29",21,790,112,0.85,0.15,13
2.193034,0,0.855219,0.928571,0.071429,0,0,3,1,"lc",585,"29",21,790,112,0.85,0.15,14
4.119781,0,0.855462,0.933333,0.066667,0,0,3,1,"lc",586,"29",21,790,112,0.85,0.15,15
0,3.908815,0.854027,0.875,0.125,0,1,3,1,"lc",587,"29",21,790,112,0.85,0.15,16
3.440758,0,0.854271,0.882353,0.117647,0,1,3,1,"lc",588,"29",21,790,112,0.85,0.15,17
3.605014,0,0.854515,0.888889,0.111111,0,0,3,1,"lc",589,"29",21,790,112,0.85,0.15,18
2.238224,0,0.854758,0.894737,0.105263,0,0,3,1,"lc",590,"29",21,790,112,0.85,0.15,19
2.23372,0,0.855,0.9,0.1,0,0,3,1,"lc",591,"29",21,790,112,0.85,0.15,20
3.733687,0,0.855241,0.904762,0.095238,0,0,3,1,"lc",592,"29",21,790,112,0.85,0.15,21
4.012774,0,0.855482,0.909091,0.090909,0,0,3,1,"lc",593,"29",21,790,112,0.85,0.15,22
0,2.342026,0.854063,0.869565,0.130435,0,1,3,1,"lc",594,"29",21,790,112,0.85,0.15,23
3.220708,0,0.854305,0.875,0.125,0,1,3,1,"lc",595,"29",21,790,112,0.85,0.15,24
2.868589,0,0.854545,0.88,0.12,0,0,3,1,"lc",596,"29",21,790,112,0.85,0.15,25
3.079831,0,0.854785,0.884615,0.115385,0,0,3,1,"lc",597,"29",21,790,112,0.85,0.15,26
3.929459,0,0.855025,0.888889,0.111111,0,0,3,1,"lc",598,"29",21,790,112,0.85,0.15,27
2.655275,0,0.855263,0.892857,0.107143,0,0,3,1,"lc",599,"29",21,790,112,0.85,0.15,28
0,1.999562,0.853859,0.862069,0.137931,0,1,3,1,"lc",600,"29",21,790,112,0.85,0.15,29
